Instance	Generations	Cycle(0.5)	Cycle(0.4)	Cycle(0.3)	Cycle(0.2)	Cycle(0.1)
1	1	1178	1180	1179	1184	1185
1	10	1111	1112	1110	1117	1112
1	100	960	964	959	951	949
1	1000	895	908	911	900	911
1	10000	888	894	885	897	881
2	1	1176	1190	1183	1183	1183
2	10	1100	1111	1115	1110	1108
2	100	961	955	972	943	947
2	1000	899	909	917	908	898
2	10000	882	892	876	866	881
3	1	1184	1179	1177	1186	1191
3	10	1110	1100	1120	1111	1113
3	100	971	943	971	953	959
3	1000	911	897	895	904	898
3	10000	876	886	884	893	890
4	1	1184	1170	1198	1195	1182
4	10	1105	1094	1121	1117	1108
4	100	961	949	967	951	946
4	1000	900	900	922	908	891
4	10000	877	900	900	876	890
5	1	1192	1190	1178	1178	1197
5	10	1102	1123	1120	1105	1116
5	100	959	967	959	964	964
5	1000	883	891	906	888	888
5	10000	871	874	885	877	880
6	1	1173	1178	1182	1187	1182
6	10	1107	1103	1115	1115	1114
6	100	961	967	958	959	946
6	1000	888	899	891	907	907
6	10000	878	888	877	901	887
7	1	1172	1200	1181	1189	1183
7	10	1101	1117	1105	1115	1112
7	100	958	955	960	964	966
7	1000	891	903	905	899	882
7	10000	880	895	897	873	869
8	1	1186	1182	1190	1171	1184
8	10	1100	1108	1117	1106	1113
8	100	953	952	967	942	951
8	1000	918	902	911	902	888
8	10000	907	899	891	885	871
9	1	1181	1181	1178	1184	1192
9	10	1108	1108	1113	1112	1109
9	100	960	951	969	950	948
9	1000	903	905	885	887	892
9	10000	885	886	880	872	865
10	1	1179	1186	1181	1187	1180
10	10	1102	1115	1114	1111	1105
10	100	955	957	980	943	950
10	1000	936	898	906	903	893
10	10000	889	895	877	895	881
11	1	1179	1170	1186	1183	1194
11	10	1102	1090	1111	1117	1118
11	100	951	957	960	945	945
11	1000	902	901	918	900	920
11	10000	897	886	900	877	868
12	1	1191	1183	1182	1193	1181
12	10	1099	1104	1114	1109	1105
12	100	962	944	966	969	949
12	1000	899	900	912	915	901
12	10000	876	887	888	870	880
13	1	1174	1175	1178	1181	1182
13	10	1088	1107	1108	1105	1110
13	100	952	951	962	968	948
13	1000	904	900	904	897	892
13	10000	867	891	872	877	892
14	1	1180	1185	1174	1182	1183
14	10	1102	1112	1114	1105	1105
14	100	958	934	964	952	958
14	1000	900	900	910	904	904
14	10000	891	879	887	892	897
15	1	1184	1180	1186	1184	1181
15	10	1097	1115	1113	1119	1108
15	100	965	947	965	955	948
15	1000	890	911	889	891	902
15	10000	872	898	877	866	899
16	1	1179	1170	1186	1184	1178
16	10	1106	1098	1117	1107	1106
16	100	962	954	962	956	964
16	1000	917	879	891	885	888
16	10000	884	879	871	880	869
17	1	1188	1186	1175	1186	1178
17	10	1101	1106	1112	1122	1096
17	100	955	956	966	963	951
17	1000	906	899	890	895	897
17	10000	869	860	877	888	874
18	1	1189	1180	1183	1189	1188
18	10	1104	1113	1105	1113	1113
18	100	956	961	967	960	959
18	1000	905	900	914	898	882
18	10000	887	886	904	877	860
19	1	1180	1192	1186	1194	1193
19	10	1099	1114	1117	1123	1116
19	100	956	953	965	956	961
19	1000	910	888	893	916	884
19	10000	888	885	868	879	877
20	1	1185	1188	1182	1185	1187
20	10	1110	1113	1100	1108	1118
20	100	953	952	957	948	950
20	1000	915	915	918	899	895
20	10000	885	881	890	865	886
21	1	1189	1188	1188	1185	1180
21	10	1096	1105	1116	1128	1105
21	100	951	963	951	960	946
21	1000	892	896	907	885	906
21	10000	873	877	877	872	884
22	1	1193	1173	1187	1182	1175
22	10	1098	1106	1119	1110	1094
22	100	947	967	963	977	956
22	1000	897	901	901	892	888
22	10000	890	889	890	886	880
23	1	1176	1184	1185	1185	1183
23	10	1109	1100	1114	1111	1119
23	100	966	972	973	957	966
23	1000	911	896	891	905	898
23	10000	900	889	880	887	894
24	1	1187	1178	1180	1184	1191
24	10	1109	1090	1110	1107	1118
24	100	963	955	967	956	934
24	1000	902	897	894	898	911
24	10000	872	890	886	880	883
25	1	1191	1172	1187	1193	1196
25	10	1100	1091	1123	1123	1126
25	100	945	954	955	967	967
25	1000	906	902	899	904	893
25	10000	875	895	873	882	871
26	1	1184	1188	1178	1180	1165
26	10	1102	1105	1104	1113	1101
26	100	957	952	965	940	934
26	1000	894	903	904	893	898
26	10000	877	877	882	878	877
27	1	1190	1182	1184	1183	1190
27	10	1104	1101	1116	1100	1107
27	100	955	954	969	955	945
27	1000	895	905	919	912	897
27	10000	892	884	898	856	878
28	1	1187	1181	1181	1179	1190
28	10	1101	1097	1115	1093	1110
28	100	950	950	962	964	939
28	1000	905	898	905	903	881
28	10000	878	884	894	884	875
29	1	1173	1191	1198	1188	1191
29	10	1096	1109	1121	1115	1128
29	100	961	960	959	948	949
29	1000	910	902	895	894	913
29	10000	880	893	884	870	886
30	1	1190	1186	1189	1183	1174
30	10	1114	1106	1120	1112	1107
30	100	982	957	970	958	952
30	1000	902	901	893	904	901
30	10000	889	893	865	880	883
31	1	1168	1185	1183	1185	1187
31	10	1098	1103	1120	1118	1118
31	100	942	951	964	950	964
31	1000	911	905	901	905	899
31	10000	892	898	880	891	881
32	1	1185	1180	1186	1184	1188
32	10	1105	1106	1111	1114	1113
32	100	964	940	961	944	949
32	1000	904	905	907	900	901
32	10000	895	888	878	877	871
33	1	1185	1192	1180	1182	1199
33	10	1111	1115	1104	1104	1114
33	100	951	968	959	942	950
33	1000	905	898	886	891	889
33	10000	884	896	866	877	879
34	1	1190	1190	1183	1187	1175
34	10	1112	1106	1101	1106	1111
34	100	972	964	955	955	953
34	1000	899	913	909	915	898
34	10000	874	900	896	881	895
35	1	1184	1156	1180	1184	1187
35	10	1114	1096	1114	1116	1118
35	100	961	945	973	953	952
35	1000	909	892	901	890	912
35	10000	901	879	888	874	904
36	1	1166	1186	1187	1176	1176
36	10	1098	1099	1118	1091	1096
36	100	953	937	959	948	944
36	1000	896	872	909	901	899
36	10000	875	867	901	900	879
37	1	1173	1182	1191	1179	1188
37	10	1092	1113	1118	1114	1120
37	100	958	968	953	958	941
37	1000	903	917	913	904	898
37	10000	887	894	890	876	889
38	1	1178	1172	1178	1194	1186
38	10	1102	1107	1107	1122	1110
38	100	962	955	954	949	950
38	1000	898	896	901	901	919
38	10000	868	886	888	861	877
39	1	1186	1178	1194	1174	1186
39	10	1101	1105	1122	1105	1119
39	100	961	967	966	951	943
39	1000	913	904	906	881	901
39	10000	880	896	866	878	897
40	1	1163	1185	1188	1167	1193
40	10	1104	1115	1118	1096	1118
40	100	951	956	956	962	949
40	1000	906	922	917	919	886
40	10000	900	893	890	874	879
41	1	1192	1172	1178	1183	1169
41	10	1117	1101	1106	1109	1092
41	100	968	962	959	961	946
41	1000	885	906	901	902	874
41	10000	872	877	879	887	874
42	1	1184	1193	1188	1157	1194
42	10	1105	1108	1111	1099	1115
42	100	956	943	958	954	971
42	1000	913	897	892	906	906
42	10000	898	875	883	898	878
43	1	1179	1176	1192	1183	1164
43	10	1110	1098	1126	1102	1095
43	100	953	964	962	953	950
43	1000	887	901	892	903	896
43	10000	880	871	885	877	891
44	1	1185	1168	1173	1185	1184
44	10	1112	1098	1099	1100	1114
44	100	948	968	963	950	953
44	1000	906	911	913	906	882
44	10000	890	891	900	893	872
45	1	1175	1184	1194	1188	1194
45	10	1092	1111	1112	1114	1115
45	100	963	968	973	962	938
45	1000	928	905	905	899	909
45	10000	892	896	889	852	873
46	1	1187	1179	1172	1183	1190
46	10	1116	1101	1100	1101	1113
46	100	951	956	958	962	953
46	1000	893	912	904	907	882
46	10000	881	871	891	896	882
47	1	1177	1177	1178	1188	1184
47	10	1105	1100	1118	1110	1113
47	100	947	949	973	948	964
47	1000	896	902	914	881	896
47	10000	879	898	877	874	896
48	1	1183	1187	1180	1200	1173
48	10	1106	1113	1116	1124	1105
48	100	945	950	973	967	937
48	1000	885	899	904	905	883
48	10000	884	892	883	896	875
49	1	1168	1178	1173	1177	1183
49	10	1092	1104	1111	1105	1105
49	100	961	962	966	967	952
49	1000	895	897	900	885	897
49	10000	888	890	882	859	879
50	1	1177	1185	1180	1187	1173
50	10	1094	1107	1111	1103	1096
50	100	943	962	964	962	955
50	1000	884	904	918	909	912
50	10000	871	884	900	879	870
51	1	1172	1171	1200	1182	1195
51	10	1091	1099	1119	1124	1111
51	100	961	951	974	961	960
51	1000	901	885	904	903	900
51	10000	888	877	889	896	884
52	1	1176	1191	1184	1194	1181
52	10	1103	1109	1115	1123	1108
52	100	945	963	953	946	955
52	1000	900	911	909	904	905
52	10000	889	899	880	876	887
53	1	1171	1189	1179	1182	1175
53	10	1100	1115	1113	1113	1104
53	100	960	947	957	966	949
53	1000	899	894	911	905	900
53	10000	893	888	872	888	881
54	1	1182	1173	1183	1191	1184
54	10	1110	1095	1108	1115	1114
54	100	966	958	968	965	956
54	1000	911	918	917	899	878
54	10000	884	898	909	883	872
55	1	1188	1185	1185	1186	1185
55	10	1091	1106	1127	1103	1118
55	100	958	952	965	961	941
55	1000	908	920	899	895	886
55	10000	891	886	881	884	869
56	1	1182	1185	1185	1183	1191
56	10	1098	1116	1111	1117	1118
56	100	958	963	964	960	955
56	1000	903	914	907	897	894
56	10000	898	907	882	890	890
57	1	1179	1184	1186	1193	1171
57	10	1099	1110	1119	1113	1105
57	100	969	961	957	953	955
57	1000	900	901	891	897	905
57	10000	876	890	881	873	884
58	1	1189	1180	1178	1193	1187
58	10	1109	1105	1112	1109	1108
58	100	948	940	975	956	965
58	1000	906	901	912	912	894
58	10000	886	899	897	891	877
59	1	1171	1185	1194	1178	1178
59	10	1097	1099	1118	1111	1116
59	100	951	958	976	957	961
59	1000	908	903	923	897	892
59	10000	902	897	906	875	868
60	1	1181	1184	1183	1188	1183
60	10	1102	1107	1122	1114	1102
60	100	962	953	958	957	963
60	1000	906	904	902	897	890
60	10000	894	889	883	873	877
61	1	1179	1181	1181	1167	1172
61	10	1103	1105	1117	1103	1105
61	100	962	956	964	964	962
61	1000	887	901	890	896	929
61	10000	881	883	887	880	876
62	1	1192	1178	1188	1187	1188
62	10	1106	1112	1105	1113	1110
62	100	941	950	957	955	951
62	1000	891	881	903	900	914
62	10000	872	872	896	880	882
63	1	1185	1178	1186	1183	1190
63	10	1118	1102	1113	1104	1108
63	100	975	944	976	960	950
63	1000	903	900	919	895	883
63	10000	866	894	902	880	881
64	1	1189	1167	1185	1183	1184
64	10	1104	1099	1119	1110	1107
64	100	967	949	958	961	959
64	1000	911	883	881	890	910
64	10000	889	873	877	881	887
65	1	1180	1181	1176	1182	1179
65	10	1103	1103	1108	1111	1106
65	100	950	961	967	962	959
65	1000	897	920	891	909	891
65	10000	893	894	874	869	882
66	1	1185	1184	1184	1186	1192
66	10	1106	1101	1110	1122	1122
66	100	942	966	961	962	946
66	1000	898	896	897	878	901
66	10000	880	883	874	857	877
67	1	1171	1189	1181	1189	1182
67	10	1086	1102	1106	1097	1109
67	100	959	956	961	950	959
67	1000	898	902	901	915	901
67	10000	889	889	886	877	867
68	1	1189	1184	1190	1191	1180
68	10	1108	1097	1120	1118	1097
68	100	953	958	967	949	948
68	1000	874	895	896	888	909
68	10000	867	880	882	882	896
69	1	1194	1188	1179	1182	1188
69	10	1109	1102	1115	1111	1118
69	100	975	957	974	964	950
69	1000	919	894	907	887	898
69	10000	886	888	876	864	880
70	1	1180	1180	1185	1194	1179
70	10	1106	1102	1115	1113	1118
70	100	948	952	971	946	958
70	1000	898	889	894	884	898
70	10000	870	889	884	871	881
71	1	1179	1195	1203	1188	1183
71	10	1113	1120	1115	1115	1105
71	100	954	959	962	969	946
71	1000	885	921	925	906	898
71	10000	880	873	911	893	877
72	1	1184	1180	1180	1185	1197
72	10	1102	1104	1110	1115	1122
72	100	966	954	970	948	937
72	1000	917	899	909	889	885
72	10000	903	886	879	876	855
73	1	1189	1169	1181	1191	1187
73	10	1098	1095	1117	1118	1125
73	100	957	949	968	958	958
73	1000	901	906	909	906	889
73	10000	887	877	890	890	878
74	1	1197	1195	1180	1185	1197
74	10	1119	1111	1118	1112	1109
74	100	964	954	975	946	952
74	1000	900	915	898	901	892
74	10000	892	887	892	884	878
75	1	1188	1178	1187	1180	1193
75	10	1106	1106	1125	1107	1108
75	100	955	937	974	957	954
75	1000	909	898	906	907	892
75	10000	891	886	881	864	883
76	1	1177	1176	1189	1186	1171
76	10	1113	1103	1118	1111	1102
76	100	956	948	977	966	952
76	1000	905	903	902	907	884
76	10000	887	885	884	870	867
77	1	1178	1180	1179	1189	1180
77	10	1099	1102	1108	1114	1109
77	100	946	948	964	958	950
77	1000	897	898	914	900	900
77	10000	888	884	880	891	886
78	1	1187	1167	1171	1189	1186
78	10	1116	1092	1109	1114	1116
78	100	963	957	978	967	943
78	1000	903	895	922	884	890
78	10000	900	882	896	874	871
79	1	1177	1181	1186	1169	1173
79	10	1105	1107	1118	1107	1107
79	100	966	947	971	959	956
79	1000	905	900	912	902	881
79	10000	889	892	880	891	875
80	1	1188	1191	1180	1179	1193
80	10	1105	1104	1121	1108	1107
80	100	958	951	965	969	947
80	1000	894	892	911	900	904
80	10000	883	878	884	885	877
81	1	1195	1191	1188	1179	1190
81	10	1113	1102	1116	1115	1115
81	100	949	966	965	950	942
81	1000	893	909	906	895	896
81	10000	878	880	883	887	863
82	1	1182	1185	1169	1181	1183
82	10	1116	1097	1106	1107	1113
82	100	957	954	960	960	946
82	1000	914	894	892	901	871
82	10000	897	877	882	882	864
83	1	1176	1175	1185	1186	1186
83	10	1088	1106	1114	1108	1114
83	100	948	962	971	955	967
83	1000	912	907	913	887	902
83	10000	892	891	888	875	881
84	1	1180	1162	1188	1185	1177
84	10	1092	1095	1112	1109	1099
84	100	967	956	958	943	964
84	1000	894	903	911	892	896
84	10000	882	898	873	881	876
85	1	1178	1179	1193	1181	1192
85	10	1105	1111	1113	1111	1108
85	100	962	947	965	964	962
85	1000	907	905	897	892	886
85	10000	889	884	890	877	879
86	1	1190	1184	1165	1180	1183
86	10	1102	1103	1096	1110	1119
86	100	956	960	968	965	951
86	1000	914	886	903	890	888
86	10000	883	862	881	879	883
87	1	1178	1178	1175	1174	1167
87	10	1089	1095	1111	1109	1103
87	100	970	957	973	959	961
87	1000	907	911	900	903	901
87	10000	893	902	882	903	873
88	1	1183	1175	1188	1184	1186
88	10	1097	1103	1107	1106	1110
88	100	956	954	962	953	953
88	1000	900	897	898	888	904
88	10000	871	891	883	865	881
89	1	1183	1188	1188	1181	1188
89	10	1101	1105	1120	1102	1124
89	100	933	955	955	958	952
89	1000	891	905	898	897	891
89	10000	889	876	881	871	889
90	1	1187	1176	1185	1187	1189
90	10	1111	1105	1109	1117	1122
90	100	953	948	975	956	947
90	1000	899	933	905	897	903
90	10000	882	883	892	861	868
91	1	1181	1177	1172	1180	1190
91	10	1109	1108	1111	1102	1104
91	100	955	956	964	950	952
91	1000	892	895	912	900	900
91	10000	877	883	888	876	889
92	1	1182	1186	1188	1179	1184
92	10	1111	1118	1114	1113	1109
92	100	959	949	977	952	956
92	1000	907	910	908	918	909
92	10000	891	877	869	886	891
93	1	1176	1181	1191	1184	1186
93	10	1090	1108	1117	1113	1107
93	100	967	954	970	959	949
93	1000	896	886	914	894	890
93	10000	886	886	892	879	879
94	1	1188	1187	1186	1177	1182
94	10	1086	1099	1121	1103	1108
94	100	947	957	973	953	955
94	1000	899	899	921	899	899
94	10000	885	887	899	872	878
95	1	1176	1164	1172	1179	1181
95	10	1101	1094	1108	1102	1105
95	100	962	950	962	955	946
95	1000	901	915	914	892	883
95	10000	885	914	894	873	867
96	1	1195	1181	1187	1190	1187
96	10	1102	1105	1121	1115	1120
96	100	963	961	957	963	952
96	1000	909	903	890	896	897
96	10000	898	895	883	882	872
97	1	1170	1169	1181	1186	1180
97	10	1092	1097	1111	1114	1109
97	100	960	950	963	956	954
97	1000	918	912	899	900	901
97	10000	903	883	874	896	880
98	1	1174	1196	1184	1192	1172
98	10	1088	1118	1124	1117	1107
98	100	960	957	960	963	952
98	1000	910	895	916	906	898
98	10000	903	890	881	872	878
99	1	1188	1187	1189	1187	1169
99	10	1110	1109	1108	1111	1099
99	100	959	958	967	964	956
99	1000	907	901	898	898	901
99	10000	894	896	890	891	893
100	1	1184	1185	1187	1184	1187
100	10	1107	1114	1107	1090	1114
100	100	959	945	957	961	942
100	1000	891	902	912	876	891
100	10000	889	891	906	858	880
