Instance	Evaluations	Cycle(0.5)	Cycle(0.4)	Cycle(0.3)	Cycle(0.2)	Cycle(0.1)
1	100	1137	1181	1143	1171	1130
1	1000	1081	1064	1053	1071	1073
1	10000	984	965	971	967	973
1	100000	917	898	906	914	917
1	1000000	880	868	888	892	875
2	100	1153	1162	1166	1104	1137
2	1000	1086	1061	1061	1060	1075
2	10000	975	968	986	994	956
2	100000	908	924	903	914	914
2	1000000	890	884	881	885	877
3	100	1143	1145	1146	1122	1155
3	1000	1072	1048	1081	1056	1071
3	10000	988	984	950	970	955
3	100000	925	917	928	923	908
3	1000000	894	892	884	890	882
4	100	1129	1158	1130	1157	1144
4	1000	1053	1061	1053	1069	1068
4	10000	990	974	974	979	967
4	100000	917	922	907	918	911
4	1000000	889	891	886	874	873
5	100	1154	1150	1134	1123	1133
5	1000	1065	1068	1072	1072	1054
5	10000	984	974	965	965	984
5	100000	911	917	921	915	910
5	1000000	890	890	891	877	874
6	100	1140	1164	1147	1157	1166
6	1000	1063	1079	1075	1073	1025
6	10000	978	997	970	973	964
6	100000	939	913	929	909	909
6	1000000	875	887	881	876	868
7	100	1145	1120	1140	1127	1109
7	1000	1080	1076	1082	1064	1076
7	10000	970	975	977	967	961
7	100000	924	900	911	919	888
7	1000000	887	893	887	877	889
8	100	1156	1153	1150	1115	1140
8	1000	1052	1068	1052	1065	1069
8	10000	987	996	975	966	978
8	100000	924	917	905	902	909
8	1000000	907	886	872	874	894
9	100	1145	1154	1149	1145	1149
9	1000	1077	1056	1059	1055	1076
9	10000	981	962	988	974	976
9	100000	934	924	917	909	919
9	1000000	896	888	879	878	873
10	100	1167	1147	1139	1124	1153
10	1000	1071	1072	1071	1057	1049
10	10000	991	971	975	967	963
10	100000	907	915	902	907	904
10	1000000	887	881	883	878	869
11	100	1152	1155	1136	1139	1127
11	1000	1062	1068	1058	1048	1048
11	10000	971	986	975	974	981
11	100000	918	916	922	906	916
11	1000000	889	887	881	868	872
12	100	1140	1137	1147	1122	1146
12	1000	1071	1062	1055	1064	1073
12	10000	985	984	976	959	982
12	100000	920	925	918	897	910
12	1000000	896	895	884	880	875
13	100	1130	1150	1137	1146	1142
13	1000	1073	1085	1053	1069	1056
13	10000	987	966	980	969	961
13	100000	923	910	923	905	915
13	1000000	899	882	896	876	880
14	100	1158	1151	1144	1151	1136
14	1000	1085	1056	1081	1077	1042
14	10000	1000	975	988	977	958
14	100000	925	909	909	914	905
14	1000000	884	872	884	883	863
15	100	1157	1138	1171	1134	1151
15	1000	1070	1077	1060	1053	1060
15	10000	989	980	975	983	972
15	100000	916	922	918	902	903
15	1000000	890	890	884	885	869
16	100	1152	1134	1151	1136	1138
16	1000	1067	1076	1062	1060	1044
16	10000	988	968	992	971	961
16	100000	933	916	918	912	901
16	1000000	884	884	892	892	890
17	100	1154	1135	1138	1155	1133
17	1000	1080	1063	1075	1059	1070
17	10000	990	987	967	968	974
17	100000	919	924	917	909	915
17	1000000	896	897	894	884	889
18	100	1159	1140	1137	1143	1158
18	1000	1076	1045	1059	1064	1060
18	10000	985	979	980	960	972
18	100000	920	908	913	917	920
18	1000000	893	901	889	866	887
19	100	1148	1166	1140	1162	1130
19	1000	1048	1068	1073	1068	1060
19	10000	995	995	966	979	981
19	100000	919	916	910	919	911
19	1000000	890	877	882	885	879
20	100	1128	1159	1124	1148	1135
20	1000	1059	1044	1061	1055	1050
20	10000	993	983	974	980	975
20	100000	934	918	913	911	918
20	1000000	899	894	883	886	880
21	100	1157	1176	1139	1142	1137
21	1000	1078	1049	1053	1081	1065
21	10000	983	981	980	970	978
21	100000	922	927	910	917	914
21	1000000	903	883	885	862	883
22	100	1162	1135	1149	1123	1164
22	1000	1072	1071	1067	1046	1056
22	10000	990	994	987	968	953
22	100000	914	914	905	913	906
22	1000000	875	882	887	890	901
23	100	1162	1136	1165	1131	1122
23	1000	1067	1051	1068	1050	1075
23	10000	981	997	977	962	953
23	100000	905	914	906	928	903
23	1000000	899	883	887	885	875
24	100	1132	1153	1160	1117	1117
24	1000	1077	1076	1072	1060	1068
24	10000	983	982	974	959	957
24	100000	917	932	903	907	913
24	1000000	893	891	884	877	888
25	100	1167	1152	1146	1145	1170
25	1000	1055	1088	1054	1070	1055
25	10000	975	975	985	970	969
25	100000	941	906	915	908	908
25	1000000	896	891	877	880	880
26	100	1131	1146	1130	1150	1129
26	1000	1078	1062	1051	1063	1073
26	10000	995	980	977	972	970
26	100000	921	933	915	920	903
26	1000000	892	884	881	875	890
27	100	1151	1132	1133	1150	1145
27	1000	1078	1081	1078	1081	1041
27	10000	984	971	977	965	963
27	100000	934	905	929	908	905
27	1000000	889	860	879	880	866
28	100	1154	1126	1125	1144	1136
28	1000	1065	1053	1083	1047	1044
28	10000	995	982	962	970	967
28	100000	909	925	911	912	899
28	1000000	886	889	885	869	886
29	100	1156	1149	1128	1135	1103
29	1000	1072	1075	1067	1059	1065
29	10000	992	960	981	977	958
29	100000	925	930	906	901	905
29	1000000	882	896	871	890	874
30	100	1130	1154	1154	1156	1113
30	1000	1064	1068	1073	1058	1071
30	10000	978	975	972	964	968
30	100000	915	923	917	900	895
30	1000000	892	889	885	887	878
31	100	1148	1145	1160	1158	1141
31	1000	1078	1061	1076	1062	1055
31	10000	981	983	972	970	976
31	100000	927	914	907	903	888
31	1000000	889	886	888	876	882
32	100	1155	1161	1155	1139	1167
32	1000	1088	1062	1075	1052	1045
32	10000	1002	997	983	944	960
32	100000	925	908	911	914	906
32	1000000	881	897	889	871	888
33	100	1149	1121	1171	1124	1121
33	1000	1063	1057	1070	1074	1078
33	10000	988	971	964	969	970
33	100000	922	926	923	923	897
33	1000000	879	880	885	880	872
34	100	1139	1141	1135	1166	1153
34	1000	1065	1057	1052	1048	1055
34	10000	991	979	981	956	972
34	100000	924	916	913	908	911
34	1000000	902	901	871	863	887
35	100	1148	1133	1124	1159	1141
35	1000	1076	1057	1071	1065	1046
35	10000	973	994	983	957	980
35	100000	926	917	914	928	907
35	1000000	886	892	868	881	875
36	100	1158	1135	1155	1154	1142
36	1000	1051	1080	1065	1075	1056
36	10000	983	982	967	959	956
36	100000	919	922	908	887	915
36	1000000	887	892	897	887	884
37	100	1117	1140	1145	1160	1133
37	1000	1083	1071	1078	1058	1039
37	10000	994	969	972	950	960
37	100000	935	918	922	918	917
37	1000000	900	890	886	882	882
38	100	1147	1154	1157	1170	1117
38	1000	1070	1078	1061	1077	1075
38	10000	985	965	986	963	967
38	100000	935	922	902	924	894
38	1000000	890	879	863	890	870
39	100	1147	1149	1144	1119	1115
39	1000	1066	1081	1060	1064	1064
39	10000	989	986	983	985	968
39	100000	906	907	909	910	923
39	1000000	884	887	882	890	880
40	100	1157	1118	1143	1131	1123
40	1000	1082	1056	1073	1064	1068
40	10000	997	998	983	980	995
40	100000	926	926	912	914	901
40	1000000	897	866	890	878	878
41	100	1146	1145	1159	1140	1134
41	1000	1063	1087	1064	1057	1048
41	10000	989	991	968	972	973
41	100000	929	922	919	911	906
41	1000000	890	870	882	875	877
42	100	1157	1117	1143	1166	1133
42	1000	1093	1042	1060	1059	1066
42	10000	978	973	987	961	979
42	100000	929	920	918	905	916
42	1000000	895	890	875	884	882
43	100	1131	1149	1142	1116	1135
43	1000	1070	1077	1061	1071	1053
43	10000	992	966	969	971	963
43	100000	921	929	898	917	922
43	1000000	894	885	861	886	885
44	100	1146	1136	1137	1167	1123
44	1000	1055	1062	1071	1045	1061
44	10000	991	990	973	992	970
44	100000	915	922	920	912	908
44	1000000	892	883	887	889	877
45	100	1151	1169	1175	1151	1143
45	1000	1085	1060	1079	1070	1058
45	10000	993	981	986	966	971
45	100000	926	918	920	918	926
45	1000000	888	880	885	885	883
46	100	1136	1143	1122	1151	1144
46	1000	1077	1071	1068	1074	1075
46	10000	990	987	974	970	984
46	100000	922	916	917	915	911
46	1000000	897	871	896	889	890
47	100	1150	1160	1159	1141	1145
47	1000	1077	1082	1066	1080	1048
47	10000	983	978	966	972	967
47	100000	919	911	912	904	929
47	1000000	894	880	875	867	887
48	100	1155	1151	1140	1145	1145
48	1000	1060	1066	1058	1069	1053
48	10000	984	977	972	971	969
48	100000	912	935	911	904	907
48	1000000	896	889	876	875	871
49	100	1154	1147	1141	1144	1142
49	1000	1059	1059	1058	1075	1079
49	10000	992	989	976	987	982
49	100000	923	910	907	911	910
49	1000000	888	895	880	890	863
50	100	1148	1147	1150	1148	1150
50	1000	1082	1061	1067	1071	1046
50	10000	983	986	970	965	980
50	100000	921	915	906	902	908
50	1000000	881	882	862	881	872
51	100	1168	1162	1129	1148	1139
51	1000	1065	1082	1079	1050	1045
51	10000	986	988	980	976	971
51	100000	899	909	929	918	908
51	1000000	895	866	885	886	872
52	100	1163	1171	1155	1129	1144
52	1000	1066	1085	1078	1050	1060
52	10000	972	977	985	962	984
52	100000	912	918	920	924	898
52	1000000	897	887	876	885	874
53	100	1130	1138	1141	1148	1160
53	1000	1081	1060	1053	1052	1076
53	10000	978	965	977	959	972
53	100000	922	924	919	895	907
53	1000000	897	890	886	880	871
54	100	1147	1145	1136	1147	1139
54	1000	1070	1058	1072	1075	1050
54	10000	977	976	979	974	962
54	100000	907	915	906	905	903
54	1000000	879	878	887	884	883
55	100	1130	1131	1148	1127	1168
55	1000	1093	1072	1055	1067	1043
55	10000	983	978	981	973	974
55	100000	930	913	927	911	915
55	1000000	889	886	870	879	869
56	100	1147	1146	1164	1139	1131
56	1000	1068	1059	1074	1067	1054
56	10000	978	986	975	977	979
56	100000	914	912	909	907	911
56	1000000	884	879	890	875	881
57	100	1170	1145	1159	1144	1136
57	1000	1071	1070	1077	1057	1072
57	10000	989	992	981	971	981
57	100000	928	918	915	908	893
57	1000000	878	886	893	876	880
58	100	1149	1143	1140	1146	1113
58	1000	1077	1075	1073	1077	1040
58	10000	964	981	959	949	982
58	100000	927	910	909	909	912
58	1000000	885	879	880	867	880
59	100	1145	1169	1140	1120	1137
59	1000	1070	1071	1077	1067	1053
59	10000	1005	982	960	965	954
59	100000	920	913	916	899	897
59	1000000	887	884	883	880	888
60	100	1146	1145	1125	1154	1134
60	1000	1074	1062	1078	1061	1045
60	10000	985	980	984	974	966
60	100000	923	923	924	895	920
60	1000000	905	884	880	878	879
61	100	1154	1143	1158	1143	1135
61	1000	1082	1065	1079	1064	1049
61	10000	975	978	972	978	976
61	100000	934	920	900	911	895
61	1000000	893	889	889	889	877
62	100	1128	1152	1133	1115	1121
62	1000	1064	1061	1053	1061	1066
62	10000	977	967	984	972	964
62	100000	918	916	900	908	910
62	1000000	885	891	887	891	880
63	100	1133	1159	1119	1178	1126
63	1000	1090	1075	1075	1047	1034
63	10000	977	969	972	978	969
63	100000	925	906	918	895	920
63	1000000	888	895	893	890	859
64	100	1136	1141	1142	1154	1152
64	1000	1058	1065	1065	1026	1054
64	10000	996	983	964	977	982
64	100000	911	923	909	919	895
64	1000000	894	877	884	884	891
65	100	1155	1124	1129	1141	1143
65	1000	1082	1057	1069	1074	1058
65	10000	981	975	965	976	978
65	100000	932	922	913	908	909
65	1000000	881	886	881	892	889
66	100	1142	1131	1136	1168	1151
66	1000	1056	1077	1072	1059	1070
66	10000	990	975	974	968	962
66	100000	914	917	911	916	920
66	1000000	872	891	873	869	877
67	100	1137	1130	1134	1150	1153
67	1000	1072	1061	1075	1059	1069
67	10000	988	979	974	974	991
67	100000	922	926	917	913	902
67	1000000	902	0	885	884	881
68	100	1110	1142	1143	1158	1150
68	1000	1064	1064	1068	1055	1045
68	10000	1002	972	966	978	981
68	100000	928	914	914	924	902
68	1000000	879	896	892	889	874
69	100	1167	1157	1139	1119	1147
69	1000	1082	1057	1058	1065	1068
69	10000	1003	990	970	970	972
69	100000	937	938	914	902	908
69	1000000	898	884	888	897	871
70	100	1127	1123	1129	1140	1159
70	1000	1065	1078	1067	1054	1059
70	10000	987	986	957	963	985
70	100000	909	927	915	912	903
70	1000000	875	887	887	867	871
71	100	1155	1144	1179	1153	1132
71	1000	1056	1063	1067	1078	1036
71	10000	984	978	989	961	972
71	100000	929	914	918	916	899
71	1000000	888	893	879	874	871
72	100	1149	1178	1153	1143	1134
72	1000	1063	1051	1058	1071	1055
72	10000	989	977	964	959	959
72	100000	924	922	907	907	902
72	1000000	886	886	893	879	879
73	100	1136	1143	1106	1168	1112
73	1000	1067	1051	1087	1058	1053
73	10000	975	972	976	970	975
73	100000	926	905	912	904	919
73	1000000	894	889	889	885	881
74	100	1124	1123	1154	1144	1146
74	1000	1068	1074	1061	1059	1056
74	10000	978	968	977	962	976
74	100000	920	909	929	911	909
74	1000000	891	884	882	879	878
75	100	1168	1138	1172	1125	1179
75	1000	1063	1066	1064	1050	1034
75	10000	986	995	974	964	967
75	100000	937	930	928	905	904
75	1000000	875	901	874	881	875
76	100	1151	1147	1140	1123	1121
76	1000	1059	1066	1053	1054	1070
76	10000	995	962	964	971	977
76	100000	915	911	911	905	926
76	1000000	878	894	902	890	875
77	100	1148	1124	1168	1112	1162
77	1000	1069	1054	1085	1025	1081
77	10000	990	976	988	971	963
77	100000	922	919	915	909	901
77	1000000	888	884	884	875	877
78	100	1136	1139	1149	1126	1140
78	1000	1070	1054	1060	1083	1068
78	10000	971	968	982	986	970
78	100000	901	923	921	903	917
78	1000000	884	877	886	887	865
79	100	1156	1141	1151	1137	1150
79	1000	1079	1065	1064	1071	1054
79	10000	968	985	989	969	980
79	100000	933	915	916	904	906
79	1000000	883	888	895	888	877
80	100	1132	1121	1144	1143	1125
80	1000	1080	1064	1062	1057	1048
80	10000	981	981	991	978	970
80	100000	941	921	922	910	900
80	1000000	888	891	881	881	876
81	100	1166	1171	1150	1148	1145
81	1000	1075	1075	1045	1048	1050
81	10000	966	973	981	959	957
81	100000	917	914	919	918	911
81	1000000	889	895	879	874	885
82	100	1151	1150	1156	1149	1158
82	1000	1080	1073	1047	1073	1068
82	10000	990	969	974	968	967
82	100000	937	908	919	906	894
82	1000000	885	890	885	887	874
83	100	1153	1167	1134	1140	1119
83	1000	1056	1086	1068	1070	1076
83	10000	994	986	977	973	961
83	100000	923	918	908	930	900
83	1000000	877	881	880	890	875
84	100	1136	1165	1165	1158	1103
84	1000	1067	1068	1061	1050	1056
84	10000	994	977	966	975	961
84	100000	900	909	911	910	903
84	1000000	880	883	892	872	879
85	100	1133	1125	1139	1189	1129
85	1000	1065	1066	1043	1055	1077
85	10000	996	978	967	957	958
85	100000	913	902	918	913	904
85	1000000	900	896	883	878	889
86	100	1166	1139	1155	1150	1139
86	1000	1049	1086	1047	1063	1074
86	10000	984	973	985	971	964
86	100000	912	921	912	915	914
86	1000000	895	890	889	882	890
87	100	1182	1131	1117	1137	1168
87	1000	1058	1054	1057	1062	1077
87	10000	979	980	973	965	966
87	100000	922	908	926	917	905
87	1000000	896	886	862	878	879
88	100	1172	1157	1133	1123	1131
88	1000	1075	1055	1055	1077	1053
88	10000	984	980	974	965	974
88	100000	921	928	921	883	919
88	1000000	894	885	877	893	886
89	100	1147	1160	1122	1133	1126
89	1000	1069	1079	1073	1074	1083
89	10000	986	976	984	976	949
89	100000	921	901	925	888	912
89	1000000	902	888	878	882	884
90	100	1147	1156	1125	1153	1114
90	1000	1070	1079	1053	1054	1039
90	10000	993	976	968	990	967
90	100000	936	911	915	924	902
90	1000000	886	877	874	883	883
91	100	1131	1130	1153	1138	1130
91	1000	1090	1053	1074	1067	1054
91	10000	996	989	984	979	964
91	100000	928	925	911	908	918
91	1000000	891	881	885	889	869
92	100	1178	1119	1138	1151	1104
92	1000	1062	1059	1057	1065	1051
92	10000	982	975	970	976	974
92	100000	929	927	917	922	916
92	1000000	894	895	870	879	887
93	100	1136	1164	1136	1144	1142
93	1000	1060	1051	1071	1069	1077
93	10000	987	976	984	971	976
93	100000	928	927	916	907	891
93	1000000	899	891	895	887	879
94	100	1138	1138	1145	1157	1157
94	1000	1082	1069	1050	1055	1045
94	10000	975	985	973	975	968
94	100000	924	922	912	928	912
94	1000000	901	877	883	890	868
95	100	1175	1148	1146	1178	1139
95	1000	1089	1080	1076	1073	1066
95	10000	977	972	986	983	965
95	100000	922	912	899	919	914
95	1000000	888	893	867	881	863
96	100	1131	1149	1136	1147	1130
96	1000	1067	1074	1073	1066	1058
96	10000	977	980	976	973	979
96	100000	933	922	929	905	918
96	1000000	888	897	892	887	888
97	100	1124	1153	1141	1166	1138
97	1000	1074	1055	1076	1071	1056
97	10000	994	985	980	963	982
97	100000	922	933	925	906	896
97	1000000	883	879	886	884	886
98	100	1148	1146	1160	1161	1119
98	1000	1068	1057	1063	1070	1073
98	10000	980	985	966	966	964
98	100000	938	914	911	903	926
98	1000000	889	896	898	872	887
99	100	1165	1133	1161	1136	1154
99	1000	1069	1057	1059	1046	1050
99	10000	998	993	975	979	967
99	100000	920	923	908	914	906
99	1000000	895	883	890	867	878
100	100	1150	1142	1142	1160	1158
100	1000	1070	1063	1091	1068	1049
100	10000	973	979	977	971	971
100	100000	923	912	898	913	888
100	1000000	900	893	887	870	871
