Instance	Evaluations	Cycle(8)	Cycle(7)	Cycle(6)	Cycle(5)	Cycle(4)	Cycle(3)	Swap	Insertion	Reversal	Scramble
1	100	1157	1172	1144	1128	1131	1112	1140	1183	1182	1176
1	1000	1082	1082	1093	1075	1078	1062	1062	1138	1156	1149
1	10000	1007	1000	1009	980	992	967	966	1110	1114	1075
1	100000	972	964	944	937	919	921	912	1063	1039	1038
1	1000000	926	917	915	885	888	882	869	1042	1005	1011
2	100	1174	1172	1166	1154	1139	1122	1140	1180	1187	1165
2	1000	1099	1082	1076	1083	1082	1056	1057	1142	1135	1152
2	10000	1012	1020	1007	1021	1005	979	958	1108	1104	1095
2	100000	961	969	958	951	921	932	899	1038	1036	1051
2	1000000	917	923	922	909	886	891	877	1022	1024	999
3	100	1147	1160	1168	1174	1143	1169	1116	1191	1191	1184
3	1000	1105	1083	1084	1084	1080	1047	1068	1169	1145	1143
3	10000	1019	1024	1013	1003	985	968	958	1103	1075	1088
3	100000	946	952	950	943	935	919	886	1068	1044	1026
3	1000000	914	914	905	894	895	873	875	1042	1016	1011
4	100	1157	1161	1162	1143	1159	1109	1156	1200	1174	1184
4	1000	1098	1091	1063	1082	1075	1066	1035	1160	1146	1140
4	10000	1025	1022	1001	1018	994	973	975	1125	1099	1102
4	100000	968	955	955	943	929	927	897	1049	1049	1038
4	1000000	916	908	914	909	899	892	866	1035	1006	1005
5	100	1149	1150	1165	1159	1139	1116	1144	1186	1172	1193
5	1000	1075	1094	1087	1075	1088	1063	1069	1154	1148	1152
5	10000	1030	1011	1020	1005	987	965	958	1094	1089	1101
5	100000	971	942	953	935	935	921	916	1049	1044	1039
5	1000000	924	911	920	908	892	887	870	1031	1015	1020
6	100	1145	1150	1155	1140	1153	1147	1137	1180	1182	1174
6	1000	1080	1082	1079	1080	1072	1052	1052	1147	1162	1157
6	10000	1020	1016	1001	997	991	975	976	1102	1089	1107
6	100000	978	948	943	941	941	917	906	1054	1037	1026
6	1000000	926	913	914	911	898	894	871	1037	1000	1019
7	100	1167	1143	1154	1168	1131	1155	1130	1199	1202	1179
7	1000	1105	1068	1080	1075	1060	1059	1051	1156	1141	1145
7	10000	1014	1018	1006	999	975	981	991	1101	1089	1097
7	100000	975	962	952	945	939	935	910	1030	1040	1048
7	1000000	918	912	901	902	894	897	875	1026	990	990
8	100	1160	1152	1166	1129	1165	1154	1111	1182	1189	1193
8	1000	1102	1072	1090	1072	1071	1054	1055	1153	1163	1129
8	10000	1021	1019	986	985	982	987	974	1116	1091	1077
8	100000	962	943	931	924	930	929	892	1059	1039	1031
8	1000000	916	909	899	911	881	891	878	1023	1025	995
9	100	1155	1154	1154	1121	1139	1137	1148	1192	1186	1185
9	1000	1083	1076	1085	1072	1080	1069	1042	1142	1154	1126
9	10000	1017	1027	1022	994	995	978	973	1072	1107	1078
9	100000	961	959	946	942	932	915	918	1068	1042	1034
9	1000000	926	895	910	909	905	877	892	1044	1021	999
10	100	1150	1157	1173	1154	1151	1141	1149	1201	1169	1188
10	1000	1072	1075	1096	1074	1075	1080	1054	1135	1166	1137
10	10000	1030	1016	1025	987	1006	970	977	1116	1101	1071
10	100000	966	961	933	935	930	917	917	1052	1048	1034
10	1000000	925	925	913	910	892	885	872	1029	1011	1000
11	100	1158	1157	1159	1150	1140	1156	1156	1182	1189	1172
11	1000	1101	1084	1083	1082	1092	1059	1073	1154	1140	1158
11	10000	1038	1010	1006	1007	987	979	959	1093	1091	1098
11	100000	952	949	948	934	934	926	917	1063	1047	1038
11	1000000	903	916	923	913	901	890	867	1019	1009	1002
12	100	1140	1183	1148	1145	1163	1115	1121	1182	1197	1169
12	1000	1088	1096	1092	1087	1090	1077	1058	1159	1154	1151
12	10000	1032	1024	1023	999	973	981	969	1111	1106	1101
12	100000	971	947	947	944	927	931	903	1058	1051	1048
12	1000000	918	918	909	913	898	887	870	1042	1022	1004
13	100	1171	1126	1148	1163	1140	1143	1141	1192	1195	1180
13	1000	1086	1089	1087	1067	1070	1071	1030	1153	1135	1147
13	10000	1030	1017	1016	1013	974	970	961	1086	1104	1101
13	100000	967	951	953	923	924	931	928	1059	1045	1029
13	1000000	935	908	911	905	905	896	882	1037	1014	1015
14	100	1152	1167	1153	1134	1160	1158	1161	1192	1184	1167
14	1000	1103	1080	1080	1073	1089	1066	1056	1171	1141	1141
14	10000	1022	1032	995	1000	1001	987	966	1104	1106	1091
14	100000	950	963	945	938	939	911	899	1064	1046	1032
14	1000000	926	910	914	907	901	881	881	1024	1012	998
15	100	1137	1166	1139	1166	1174	1145	1112	1200	1181	1180
15	1000	1109	1081	1097	1093	1061	1057	1057	1170	1155	1132
15	10000	1024	1005	1017	995	994	960	945	1110	1082	1108
15	100000	965	963	939	949	942	919	903	1052	1040	1047
15	1000000	915	916	905	901	902	889	872	1017	1011	977
16	100	1152	1169	1150	1142	1152	1123	1188	1172	1184	1176
16	1000	1085	1085	1095	1074	1063	1078	1070	1158	1145	1140
16	10000	992	1014	1006	1009	990	1003	976	1110	1081	1096
16	100000	961	951	943	935	925	921	901	1037	1032	1042
16	1000000	931	918	911	909	911	881	870	1035	1017	1023
17	100	1152	1146	1158	1138	1169	1130	1102	1181	1177	1182
17	1000	1069	1083	1075	1094	1080	1087	1060	1156	1148	1144
17	10000	1015	1014	1010	993	1005	989	967	1105	1083	1095
17	100000	965	948	953	947	933	926	908	1036	1053	1048
17	1000000	924	910	905	903	904	886	868	1037	1011	1023
18	100	1142	1177	1175	1147	1179	1134	1129	1181	1187	1172
18	1000	1093	1083	1065	1098	1059	1054	1059	1149	1134	1141
18	10000	1025	1011	1010	1010	991	989	970	1105	1099	1105
18	100000	975	948	938	947	943	940	905	1064	1047	1037
18	1000000	931	920	920	902	896	887	888	1031	1004	1003
19	100	1155	1166	1152	1141	1151	1134	1177	1172	1188	1190
19	1000	1093	1078	1085	1081	1068	1052	1055	1152	1159	1140
19	10000	1015	1012	1012	997	984	969	940	1110	1082	1100
19	100000	966	956	968	936	922	926	895	1070	1041	1038
19	1000000	923	917	913	917	905	869	869	1035	1016	1006
20	100	1129	1142	1153	1151	1136	1130	1144	1170	1188	1155
20	1000	1105	1082	1095	1098	1073	1056	1058	1164	1152	1143
20	10000	1012	1028	1000	982	980	985	976	1107	1109	1093
20	100000	938	964	943	952	927	914	903	1063	1050	1027
20	1000000	924	916	906	906	878	873	875	1021	1022	1022
21	100	1165	1172	1170	1165	1132	1168	1164	1191	1202	1165
21	1000	1096	1092	1099	1085	1060	1075	1053	1160	1148	1143
21	10000	1018	1014	1001	1001	972	982	970	1108	1109	1085
21	100000	961	954	936	939	945	915	893	1061	1055	1048
21	1000000	928	912	922	907	908	892	879	1035	1003	994
22	100	1173	1159	1158	1183	1152	1162	1153	1196	1170	1178
22	1000	1085	1097	1111	1075	1063	1054	1057	1162	1151	1158
22	10000	1007	1013	1023	1005	994	982	968	1115	1087	1101
22	100000	949	951	943	937	945	914	913	1050	1060	1049
22	1000000	906	921	912	899	898	887	888	1027	993	999
23	100	1150	1178	1152	1162	1148	1153	1130	1197	1170	1184
23	1000	1096	1075	1090	1052	1065	1081	1058	1155	1152	1165
23	10000	1021	1004	1010	1002	995	996	957	1097	1097	1110
23	100000	960	968	955	952	939	912	915	1056	1052	1032
23	1000000	923	927	913	911	891	885	885	1026	1023	1015
24	100	1164	1146	1157	1148	1134	1145	1132	1192	1190	1189
24	1000	1097	1092	1083	1096	1068	1067	1048	1132	1151	1173
24	10000	1029	1007	1018	1010	996	972	973	1118	1069	1094
24	100000	958	969	943	937	924	924	909	1067	1038	1051
24	1000000	930	910	909	908	905	888	873	1025	1011	1012
25	100	1154	1161	1162	1137	1165	1148	1130	1172	1188	1170
25	1000	1087	1095	1082	1081	1083	1048	1047	1168	1164	1151
25	10000	1004	1018	1012	996	998	979	969	1098	1111	1093
25	100000	953	947	957	935	933	926	906	1060	1036	1019
25	1000000	920	924	910	914	888	871	877	1037	1016	1008
26	100	1137	1148	1144	1149	1157	1135	1147	1192	1176	1180
26	1000	1098	1100	1082	1085	1052	1055	1056	1171	1142	1158
26	10000	1014	1027	1020	1007	986	982	973	1106	1096	1073
26	100000	969	970	940	934	926	913	908	1047	1055	1045
26	1000000	913	920	914	897	902	882	873	1029	1003	1001
27	100	1159	1166	1153	1148	1162	1136	1119	1184	1185	1174
27	1000	1093	1076	1090	1081	1074	1081	1057	1149	1138	1133
27	10000	1022	1013	1008	997	997	985	972	1139	1102	1107
27	100000	962	968	944	930	937	926	922	1080	1053	1040
27	1000000	919	915	906	917	904	880	882	1031	1010	1024
28	100	1161	1141	1136	1170	1155	1112	1140	1177	1194	1193
28	1000	1095	1084	1087	1088	1073	1089	1070	1131	1134	1149
28	10000	1015	1007	1016	1013	983	977	972	1121	1085	1095
28	100000	948	948	941	939	926	927	895	1050	1041	1049
28	1000000	923	908	916	899	905	872	873	1037	1002	1013
29	100	1158	1155	1163	1185	1127	1117	1144	1200	1192	1192
29	1000	1072	1081	1076	1094	1067	1058	1038	1144	1154	1153
29	10000	1027	1008	1019	1017	999	989	960	1111	1086	1095
29	100000	963	950	939	935	926	917	896	1070	1042	1028
29	1000000	926	897	905	892	895	888	884	1042	1031	1002
30	100	1184	1171	1152	1140	1149	1118	1130	1176	1174	1194
30	1000	1103	1081	1057	1058	1076	1055	1060	1156	1134	1155
30	10000	1022	1016	1012	1002	993	983	956	1105	1105	1100
30	100000	971	943	944	932	923	929	911	1079	1015	1051
30	1000000	909	921	921	899	898	888	869	1047	1008	1008
31	100	1156	1133	1151	1141	1162	1148	1118	1202	1193	1161
31	1000	1112	1087	1093	1077	1058	1066	1050	1170	1135	1149
31	10000	1025	1006	1012	996	984	970	978	1107	1075	1091
31	100000	979	947	946	957	924	910	897	1059	1051	1046
31	1000000	922	910	909	903	889	888	874	1035	1012	998
32	100	1147	1166	1155	1150	1133	1146	1163	1196	1177	1176
32	1000	1096	1086	1085	1085	1068	1073	1057	1141	1138	1145
32	10000	1018	1018	1003	1009	986	986	965	1093	1085	1088
32	100000	949	955	959	927	929	914	907	1053	1042	1042
32	1000000	920	911	907	908	909	884	882	1030	1014	1023
33	100	1161	1159	1155	1132	1149	1145	1150	1202	1156	1193
33	1000	1103	1068	1087	1090	1065	1082	1043	1145	1153	1155
33	10000	1012	1029	1013	1002	998	989	958	1124	1089	1099
33	100000	973	959	955	944	944	927	912	1067	1057	1028
33	1000000	926	917	915	892	895	891	867	1035	1012	1022
34	100	1136	1152	1161	1165	1155	1159	1118	1165	1182	1187
34	1000	1100	1099	1089	1083	1079	1062	1100	1155	1160	1156
34	10000	1020	1006	1001	994	986	974	969	1110	1084	1100
34	100000	961	961	937	941	939	912	915	1059	1038	1035
34	1000000	917	919	912	912	903	877	872	1038	1022	1015
35	100	1136	1170	1132	1172	1152	1165	1143	1196	1192	1184
35	1000	1076	1095	1078	1084	1087	1072	1049	1154	1159	1147
35	10000	1020	1019	1007	1018	977	990	965	1102	1083	1098
35	100000	967	953	964	933	930	930	913	1049	1048	1046
35	1000000	925	917	906	901	905	887	883	1058	1014	1011
36	100	1148	1166	1142	1150	1152	1154	1169	1190	1191	1189
36	1000	1082	1093	1087	1085	1049	1050	1056	1160	1133	1127
36	10000	1017	990	1016	999	992	973	965	1119	1100	1091
36	100000	963	947	943	944	952	926	912	1073	1063	1044
36	1000000	930	916	918	902	883	888	869	1041	1005	1000
37	100	1172	1138	1133	1157	1165	1146	1150	1171	1185	1178
37	1000	1113	1088	1075	1080	1054	1056	1062	1157	1151	1146
37	10000	1016	1024	1022	1005	1009	982	968	1098	1104	1096
37	100000	972	942	953	923	939	917	883	1073	1055	1042
37	1000000	922	919	923	880	897	891	881	1028	1011	1023
38	100	1162	1147	1146	1152	1165	1146	1161	1161	1174	1190
38	1000	1118	1088	1062	1081	1075	1073	1065	1134	1167	1130
38	10000	1028	1022	1007	1004	986	987	952	1098	1093	1080
38	100000	964	953	938	940	935	923	895	1076	1031	1042
38	1000000	918	925	912	908	897	885	888	1020	996	1009
39	100	1158	1169	1132	1137	1161	1159	1171	1193	1174	1190
39	1000	1088	1100	1083	1092	1059	1045	1066	1165	1150	1146
39	10000	1025	1004	1013	988	1004	988	977	1098	1095	1081
39	100000	951	954	945	927	931	916	923	1076	1043	1031
39	1000000	928	912	909	902	909	887	876	1038	1015	1023
40	100	1150	1151	1152	1178	1129	1133	1162	1164	1188	1174
40	1000	1097	1088	1086	1082	1050	1067	1052	1143	1145	1147
40	10000	1014	1016	995	1001	981	979	959	1105	1119	1101
40	100000	946	949	949	939	933	905	903	1052	1035	1026
40	1000000	913	919	905	918	885	893	878	1029	1006	1010
41	100	1157	1167	1167	1144	1148	1150	1171	1196	1183	1182
41	1000	1112	1071	1096	1084	1067	1063	1059	1160	1139	1146
41	10000	1015	1006	990	1007	973	994	968	1108	1101	1087
41	100000	955	950	937	939	921	924	883	1064	1056	1035
41	1000000	924	924	914	899	889	893	884	1037	1011	1015
42	100	1161	1147	1137	1152	1162	1163	1158	1184	1178	1177
42	1000	1098	1100	1073	1073	1063	1083	1064	1139	1166	1151
42	10000	1023	1019	1008	999	996	984	978	1115	1097	1085
42	100000	967	934	940	934	958	928	906	1061	1044	1038
42	1000000	904	904	913	911	899	893	888	1031	1004	1015
43	100	1150	1163	1161	1158	1156	1162	1140	1187	1186	1166
43	1000	1091	1084	1077	1069	1081	1059	1050	1161	1168	1156
43	10000	1016	1017	1012	1005	985	967	975	1110	1094	1093
43	100000	970	942	945	953	926	929	907	1054	1035	1053
43	1000000	910	910	908	905	909	892	875	1039	1018	1020
44	100	1128	1128	1170	1132	1145	1128	1152	1163	1182	1169
44	1000	1109	1091	1078	1079	1069	1035	1067	1156	1144	1157
44	10000	1014	1014	1025	1013	989	978	971	1112	1102	1079
44	100000	955	941	955	933	940	919	908	1060	1045	1053
44	1000000	927	919	913	896	896	892	880	1033	1002	1008
45	100	1128	1152	1154	1144	1155	1135	1162	1185	1168	1184
45	1000	1108	1095	1078	1065	1069	1059	1048	1147	1147	1155
45	10000	1015	1015	996	1006	1002	984	972	1105	1069	1080
45	100000	967	946	953	959	935	921	906	1060	1031	1018
45	1000000	925	898	892	905	910	891	883	1053	1002	989
46	100	1156	1162	1140	1160	1157	1151	1146	1202	1162	1181
46	1000	1093	1097	1093	1084	1071	1063	1054	1137	1153	1146
46	10000	1028	1027	1003	1006	992	986	951	1104	1094	1092
46	100000	965	956	959	947	933	935	906	1076	1030	1029
46	1000000	918	896	915	913	889	891	878	1043	1020	1002
47	100	1140	1140	1168	1152	1167	1124	1161	1195	1191	1165
47	1000	1105	1086	1084	1082	1076	1076	1050	1137	1128	1143
47	10000	1019	1022	1004	1019	995	991	974	1101	1116	1069
47	100000	951	946	948	957	930	934	906	1081	1057	1051
47	1000000	893	918	911	907	893	886	884	1026	1021	1020
48	100	1148	1135	1150	1155	1144	1152	1119	1179	1188	1185
48	1000	1107	1084	1095	1072	1055	1068	1053	1163	1129	1150
48	10000	1013	1019	1009	1009	1000	992	954	1114	1067	1096
48	100000	977	955	952	943	924	931	901	1039	1044	1025
48	1000000	921	913	916	890	881	889	884	1017	1000	998
49	100	1157	1148	1148	1160	1187	1137	1143	1173	1178	1181
49	1000	1101	1107	1075	1094	1077	1049	1062	1157	1147	1162
49	10000	1038	1004	1019	1006	991	984	964	1100	1059	1101
49	100000	976	955	943	939	947	918	898	1052	1037	1050
49	1000000	922	914	909	903	895	867	878	1024	1003	1010
50	100	1160	1143	1144	1164	1148	1155	1127	1198	1194	1184
50	1000	1103	1095	1084	1094	1088	1082	1059	1161	1131	1128
50	10000	1027	1027	1009	984	996	980	961	1117	1097	1109
50	100000	955	930	954	957	929	911	900	1063	1049	1033
50	1000000	927	909	911	907	896	900	874	1044	1021	1005
51	100	1159	1155	1165	1156	1159	1149	1150	1196	1185	1175
51	1000	1085	1066	1092	1073	1056	1048	1074	1141	1148	1158
51	10000	1016	1009	999	1013	988	971	954	1086	1085	1104
51	100000	945	952	945	941	933	924	892	1040	1048	1044
51	1000000	923	917	903	898	897	892	872	1028	1020	1013
52	100	1153	1175	1154	1154	1160	1123	1144	1196	1182	1173
52	1000	1079	1093	1081	1066	1088	1072	1056	1168	1154	1149
52	10000	1011	1023	997	1005	1004	973	965	1145	1083	1097
52	100000	960	961	946	928	918	908	901	1047	1048	1041
52	1000000	913	914	915	892	913	885	884	1023	1007	1011
53	100	1158	1152	1143	1151	1145	1147	1146	1180	1171	1177
53	1000	1068	1073	1075	1085	1082	1070	1071	1136	1155	1159
53	10000	1004	1014	1006	998	976	982	962	1109	1096	1096
53	100000	961	950	942	943	910	924	912	1077	1051	1046
53	1000000	920	903	909	887	882	886	884	1038	1014	1032
54	100	1163	1147	1159	1153	1157	1164	1147	1184	1176	1183
54	1000	1096	1061	1080	1048	1049	1064	1060	1153	1166	1150
54	10000	1023	1032	1008	996	988	987	973	1115	1094	1082
54	100000	966	955	947	938	922	908	906	1042	1043	1040
54	1000000	931	903	903	903	897	890	873	1019	1010	1006
55	100	1150	1151	1160	1141	1158	1159	1132	1189	1178	1177
55	1000	1096	1097	1085	1092	1079	1062	1065	1163	1151	1150
55	10000	1022	1015	1008	1002	988	977	959	1123	1097	1109
55	100000	965	957	958	938	931	923	902	1049	1046	1056
55	1000000	937	927	919	906	902	886	889	1025	998	998
56	100	1158	1139	1172	1141	1149	1157	1117	1191	1177	1183
56	1000	1096	1093	1085	1098	1064	1061	1064	1135	1153	1130
56	10000	996	1020	1005	989	995	992	966	1092	1072	1105
56	100000	961	959	962	949	936	925	920	1055	1054	1041
56	1000000	922	921	914	898	894	897	877	1049	1003	1000
57	100	1164	1148	1130	1127	1140	1149	1153	1168	1202	1181
57	1000	1084	1094	1094	1085	1062	1065	1062	1154	1138	1154
57	10000	1033	1017	1014	1008	1002	972	966	1117	1104	1091
57	100000	967	959	955	938	932	928	903	1053	1057	1051
57	1000000	912	912	916	904	901	901	869	1021	992	1006
58	100	1165	1156	1152	1124	1149	1160	1139	1183	1179	1188
58	1000	1096	1070	1078	1089	1070	1062	1060	1139	1151	1158
58	10000	1025	1022	1002	993	998	985	968	1108	1063	1093
58	100000	958	955	937	947	922	919	913	1069	1036	1027
58	1000000	929	919	890	899	896	889	883	1038	1010	1007
59	100	1147	1161	1156	1153	1155	1139	1143	1185	1172	1189
59	1000	1079	1096	1066	1078	1055	1066	1066	1158	1146	1159
59	10000	1011	1017	1017	1008	1006	976	947	1118	1112	1098
59	100000	950	949	955	946	927	914	925	1071	1045	1047
59	1000000	910	905	916	895	894	886	866	1033	989	1021
60	100	1169	1155	1164	1131	1144	1148	1137	1195	1183	1163
60	1000	1101	1090	1086	1101	1053	1069	1066	1172	1148	1120
60	10000	1036	1032	1002	1000	995	992	973	1099	1101	1097
60	100000	981	951	951	939	955	918	907	1059	1060	1034
60	1000000	926	917	911	894	901	889	867	1040	1019	998
61	100	1164	1164	1141	1157	1118	1147	1151	1183	1183	1188
61	1000	1092	1095	1093	1075	1073	1063	1059	1157	1151	1144
61	10000	1042	1004	1020	992	1007	986	969	1102	1093	1084
61	100000	951	954	938	955	942	925	912	1051	1016	1061
61	1000000	930	923	910	918	900	895	885	1039	1026	996
62	100	1153	1145	1133	1121	1139	1158	1172	1175	1180	1190
62	1000	1095	1117	1078	1084	1069	1081	1052	1153	1141	1140
62	10000	1017	1022	1025	983	989	996	960	1108	1108	1101
62	100000	964	960	956	920	934	923	915	1047	1056	1034
62	1000000	926	907	898	897	906	899	882	1033	1026	995
63	100	1174	1173	1159	1135	1173	1165	1172	1189	1179	1178
63	1000	1097	1081	1077	1078	1070	1058	1076	1143	1155	1155
63	10000	1029	1006	1013	991	1012	982	964	1096	1090	1085
63	100000	938	950	937	934	932	913	895	1059	1042	1030
63	1000000	917	917	912	893	897	894	873	1025	1012	1014
64	100	1142	1155	1171	1136	1136	1142	1152	1170	1176	1205
64	1000	1078	1100	1075	1078	1072	1060	1047	1158	1146	1141
64	10000	1031	1008	1003	1003	981	998	961	1117	1086	1096
64	100000	959	960	961	917	943	939	899	1074	1036	1029
64	1000000	908	929	920	910	904	889	887	1031	1017	1016
65	100	1163	1130	1140	1135	1143	1121	1145	1196	1189	1179
65	1000	1077	1085	1077	1097	1061	1050	1058	1167	1133	1157
65	10000	1000	1010	1022	997	985	989	955	1105	1104	1086
65	100000	979	948	946	956	932	922	910	1064	1047	1039
65	1000000	915	912	905	895	915	886	878	1011	1015	1012
66	100	1154	1151	1151	1157	1157	1162	1127	1178	1190	1187
66	1000	1096	1089	1077	1089	1073	1061	1047	1154	1146	1143
66	10000	1025	1016	1008	1019	985	990	966	1120	1098	1099
66	100000	964	973	944	934	942	925	923	1062	1051	1049
66	1000000	919	915	920	900	888	888	888	1014	1017	1015
67	100	1155	1146	1140	1157	1151	1156	1173	1175	1156	1180
67	1000	1097	1090	1085	1066	1079	1057	1061	1132	1135	1135
67	10000	1022	1011	1020	1004	969	987	977	1115	1111	1082
67	100000	956	957	958	956	944	914	917	1049	1044	1038
67	1000000	912	911	903	893	905	881	883	1024	1016	1014
68	100	1145	1150	1147	1144	1162	1131	1144	1187	1175	1179
68	1000	1079	1097	1082	1078	1077	1058	1059	1168	1155	1149
68	10000	1014	1024	1004	1006	1012	991	966	1116	1078	1078
68	100000	960	947	929	936	933	922	921	1063	1039	1044
68	1000000	913	912	895	899	880	905	875	1037	1014	1006
69	100	1162	1135	1151	1159	1175	1158	1120	1197	1171	1191
69	1000	1077	1073	1094	1078	1072	1062	1070	1138	1142	1157
69	10000	1026	1001	1020	1003	989	968	978	1105	1106	1082
69	100000	947	962	955	946	926	927	899	1065	1047	1055
69	1000000	915	922	914	911	901	893	892	1027	1030	1010
70	100	1169	1155	1166	1166	1142	1149	1144	1188	1191	1170
70	1000	1075	1098	1087	1088	1074	1060	1061	1148	1164	1124
70	10000	1006	1014	999	983	989	981	970	1104	1106	1102
70	100000	975	953	935	940	936	929	906	1058	1058	1046
70	1000000	924	923	891	900	890	885	867	1030	1018	1005
71	100	1171	1161	1169	1127	1156	1140	1148	1203	1168	1183
71	1000	1087	1080	1108	1060	1074	1056	1069	1165	1147	1125
71	10000	1020	1009	1009	1012	989	996	974	1119	1079	1076
71	100000	962	952	957	947	936	918	907	1052	1035	1040
71	1000000	927	909	921	896	887	871	873	1020	1010	1012
72	100	1153	1133	1155	1149	1162	1151	1112	1167	1195	1182
72	1000	1099	1070	1078	1084	1073	1071	1056	1146	1162	1133
72	10000	1004	1026	1003	1005	991	982	974	1112	1100	1081
72	100000	966	956	935	943	939	917	909	1044	1057	1043
72	1000000	916	927	916	888	889	894	878	1043	1009	1015
73	100	1142	1142	1142	1139	1149	1138	1145	1194	1182	1176
73	1000	1117	1090	1083	1077	1069	1051	1067	1161	1147	1146
73	10000	1022	1007	992	1001	995	982	975	1107	1097	1081
73	100000	964	956	959	946	940	907	918	1061	1038	1039
73	1000000	925	921	907	907	900	889	886	1039	1025	1014
74	100	1169	1165	1138	1140	1151	1152	1148	1190	1179	1177
74	1000	1111	1115	1094	1063	1054	1074	1054	1132	1152	1151
74	10000	1030	1019	1023	1002	995	985	954	1097	1098	1082
74	100000	969	957	950	946	927	902	903	1067	1042	1041
74	1000000	917	903	903	905	898	887	882	1016	1017	1005
75	100	1168	1161	1130	1156	1149	1137	1152	1206	1184	1189
75	1000	1074	1089	1080	1084	1084	1045	1051	1150	1159	1152
75	10000	1014	1018	1008	994	984	973	967	1082	1084	1085
75	100000	946	966	937	940	926	921	924	1065	1063	1043
75	1000000	901	924	906	911	897	883	890	1030	1006	990
76	100	1166	1166	1154	1143	1118	1153	1150	1168	1179	1171
76	1000	1097	1095	1078	1068	1063	1073	1065	1163	1116	1140
76	10000	1015	1012	1013	1000	989	987	971	1108	1090	1077
76	100000	959	945	949	952	928	914	897	1056	1056	1044
76	1000000	905	904	917	911	897	892	858	1029	1017	1014
77	100	1170	1161	1144	1135	1166	1134	1146	1193	1174	1173
77	1000	1080	1086	1080	1082	1070	1082	1065	1158	1132	1157
77	10000	1002	1025	1010	999	980	981	969	1100	1098	1109
77	100000	958	952	954	958	932	917	908	1058	1041	1055
77	1000000	926	900	915	894	901	888	878	1029	1017	1011
78	100	1162	1157	1170	1147	1155	1141	1135	1195	1185	1179
78	1000	1083	1079	1080	1091	1067	1044	1056	1160	1152	1156
78	10000	1027	1023	1023	1012	986	976	955	1081	1103	1098
78	100000	960	947	970	942	921	913	907	1062	1045	1053
78	1000000	919	905	904	908	905	884	879	1045	1006	1009
79	100	1153	1129	1137	1137	1138	1153	1158	1184	1176	1176
79	1000	1108	1110	1093	1083	1055	1066	1056	1139	1163	1145
79	10000	1040	1011	1019	990	977	999	960	1097	1090	1104
79	100000	957	959	947	940	926	913	908	1054	1019	1050
79	1000000	911	916	916	912	891	885	886	1037	1021	1004
80	100	1173	1152	1156	1138	1139	1117	1156	1172	1182	1180
80	1000	1093	1091	1075	1093	1066	1063	1060	1159	1154	1156
80	10000	996	1024	1002	991	1000	987	961	1118	1101	1110
80	100000	959	940	968	926	938	911	917	1066	1029	1046
80	1000000	930	919	899	903	898	890	879	1029	1010	1007
81	100	1147	1146	1142	1133	1154	1148	1148	1203	1174	1180
81	1000	1094	1077	1076	1088	1081	1056	1047	1168	1163	1162
81	10000	1004	1011	1006	1007	995	981	958	1103	1093	1119
81	100000	967	948	951	934	930	914	906	1076	1038	1046
81	1000000	927	921	910	889	905	891	883	1035	1016	994
82	100	1140	1172	1174	1151	1154	1147	1132	1191	1170	1183
82	1000	1098	1095	1092	1068	1089	1084	1061	1157	1147	1148
82	10000	1031	1013	1017	1011	984	967	960	1091	1104	1112
82	100000	964	963	954	922	926	917	911	1074	1047	1036
82	1000000	932	923	897	910	893	894	886	1024	1011	1019
83	100	1164	1128	1158	1141	1153	1156	1135	1182	1186	1183
83	1000	1086	1098	1091	1066	1076	1058	1045	1156	1153	1123
83	10000	1011	1015	1014	997	992	994	956	1107	1091	1107
83	100000	968	948	959	951	934	901	899	1058	1049	1042
83	1000000	919	901	921	916	894	869	880	1030	1012	1014
84	100	1166	1149	1142	1150	1130	1138	1123	1178	1187	1177
84	1000	1072	1088	1094	1079	1078	1041	1066	1152	1169	1149
84	10000	1021	1021	1009	991	1007	985	953	1125	1084	1093
84	100000	971	936	957	943	936	923	904	1065	1039	1065
84	1000000	932	910	921	901	903	879	890	1042	1000	1002
85	100	1145	1138	1166	1157	1126	1121	1111	1186	1179	1200
85	1000	1087	1096	1066	1094	1073	1073	1069	1141	1137	1135
85	10000	1027	1040	1012	992	1003	989	964	1110	1078	1097
85	100000	948	957	956	935	940	925	899	1060	1049	1041
85	1000000	916	926	898	885	899	879	873	1033	1016	1026
86	100	1154	1156	1143	1174	1124	1151	1157	1167	1181	1181
86	1000	1085	1089	1074	1064	1057	1058	1059	1158	1151	1153
86	10000	1037	1028	1002	993	977	983	970	1122	1088	1089
86	100000	958	962	956	918	927	932	898	1070	1053	1030
86	1000000	917	926	916	895	882	873	880	1039	1022	1027
87	100	1151	1151	1155	1168	1145	1123	1145	1185	1170	1171
87	1000	1102	1068	1091	1088	1083	1079	1078	1160	1151	1166
87	10000	1026	1008	1016	1008	993	986	946	1100	1098	1093
87	100000	967	967	939	936	937	922	917	1071	1041	1053
87	1000000	926	916	916	903	902	890	880	1049	1002	1019
88	100	1151	1152	1147	1166	1137	1143	1139	1192	1183	1175
88	1000	1104	1095	1078	1077	1081	1078	1052	1166	1145	1134
88	10000	1014	1025	1005	995	974	994	963	1081	1095	1103
88	100000	955	941	953	951	925	893	899	1081	1040	1040
88	1000000	924	925	914	897	898	890	875	1020	1021	1006
89	100	1154	1164	1180	1160	1170	1172	1142	1175	1175	1165
89	1000	1093	1083	1081	1096	1065	1060	1079	1164	1145	1146
89	10000	1014	1022	1016	989	985	975	953	1110	1092	1085
89	100000	953	969	961	930	917	926	919	1039	1042	1042
89	1000000	932	904	909	912	896	894	871	1035	1002	1018
90	100	1175	1153	1143	1159	1151	1130	1134	1176	1180	1191
90	1000	1090	1095	1099	1085	1057	1076	1044	1155	1156	1152
90	10000	1015	1005	1020	1005	998	961	953	1106	1088	1092
90	100000	947	951	933	925	935	915	909	1050	1049	1031
90	1000000	912	921	905	907	888	892	873	1032	1016	1001
91	100	1160	1146	1173	1148	1145	1141	1167	1179	1182	1179
91	1000	1101	1086	1092	1074	1076	1050	1057	1158	1157	1158
91	10000	1019	989	998	993	986	976	946	1115	1086	1072
91	100000	975	969	942	936	918	917	896	1074	1061	1044
91	1000000	926	920	917	910	893	897	875	1044	1008	1011
92	100	1142	1157	1150	1155	1146	1156	1124	1194	1178	1174
92	1000	1099	1090	1078	1072	1080	1080	1057	1147	1138	1143
92	10000	1013	1004	1016	991	1021	972	958	1111	1078	1089
92	100000	947	962	972	937	917	920	907	1059	1055	1040
92	1000000	921	929	920	912	899	872	884	1029	1008	1011
93	100	1130	1151	1145	1138	1120	1153	1141	1178	1171	1186
93	1000	1064	1089	1073	1075	1073	1080	1058	1168	1125	1155
93	10000	1017	997	1024	999	995	966	958	1095	1104	1092
93	100000	969	954	948	937	938	921	902	1069	1047	1050
93	1000000	920	922	899	902	898	887	869	1044	1007	1013
94	100	1158	1158	1177	1163	1151	1165	1135	1182	1173	1174
94	1000	1080	1091	1091	1073	1079	1073	1067	1166	1151	1133
94	10000	1012	1021	1015	1009	996	1000	973	1088	1091	1094
94	100000	959	955	954	939	933	916	894	1036	1042	1047
94	1000000	926	910	912	891	907	883	872	1038	1014	1018
95	100	1171	1174	1159	1135	1134	1148	1173	1195	1182	1174
95	1000	1097	1095	1072	1069	1078	1084	1041	1150	1145	1162
95	10000	1020	1034	997	997	987	992	937	1111	1098	1086
95	100000	964	956	940	934	927	920	900	1051	1039	1033
95	1000000	929	916	918	912	899	892	872	1021	1021	1005
96	100	1157	1127	1138	1130	1136	1145	1138	1186	1185	1171
96	1000	1102	1074	1076	1080	1075	1069	1067	1142	1159	1152
96	10000	1014	1020	1023	1006	995	982	978	1122	1096	1088
96	100000	960	954	944	946	918	925	912	1047	1037	1054
96	1000000	929	895	909	893	901	883	870	1027	1000	1027
97	100	1148	1115	1153	1143	1130	1147	1133	1188	1180	1166
97	1000	1068	1080	1064	1067	1086	1079	1063	1135	1144	1150
97	10000	1013	1013	1004	1002	981	970	966	1081	1087	1093
97	100000	970	965	946	943	926	938	915	1067	1055	1029
97	1000000	918	915	904	904	888	896	868	1028	1019	1008
98	100	1156	1145	1145	1148	1150	1144	1130	1186	1181	1188
98	1000	1102	1093	1104	1083	1065	1059	1057	1156	1166	1136
98	10000	1023	1013	1011	995	998	987	969	1119	1091	1086
98	100000	961	943	953	934	930	916	905	1039	1057	1042
98	1000000	912	912	912	886	904	886	882	1039	1000	1015
99	100	1156	1141	1160	1127	1143	1150	1186	1185	1173	1189
99	1000	1096	1076	1096	1093	1075	1068	1073	1160	1155	1168
99	10000	1028	1018	1010	990	987	987	958	1108	1095	1085
99	100000	961	939	939	943	940	920	902	1072	1030	1041
99	1000000	915	914	930	904	898	886	874	1039	1010	1016
100	100	1167	1145	1158	1143	1157	1146	1142	1193	1167	1156
100	1000	1094	1079	1103	1069	1068	1049	1049	1151	1146	1162
100	10000	1024	1010	1005	996	997	964	980	1097	1077	1106
100	100000	967	967	930	938	932	926	895	1055	1042	1043
100	1000000	925	921	896	898	889	904	884	1034	996	1006
