Instance	Evaluations	Cycle(0.5)	Cycle(4)	Cycle(3)	Swap	Insertion	Reversal	Scramble
1	100	256	268	267	267	274	264	280
1	1000	237	244	230	226	272	262	267
1	10000	207	212	198	206	241	250	241
1	100000	191	202	195	187	229	221	229
1	1000000	186	187	184	184	224	223	217
1	10000000	0	0	0	0	219	218	210
2	100	271	267	274	266	287	279	280
2	1000	240	240	238	221	270	271	265
2	10000	205	219	212	207	242	252	248
2	100000	197	194	194	196	242	226	229
2	1000000	184	187	178	183	228	218	216
2	10000000	0	0	0	0	221	216	208
3	100	274	262	266	271	282	272	275
3	1000	235	246	238	235	245	266	266
3	10000	209	221	211	209	248	243	250
3	100000	0	196	184	187	237	232	231
3	1000000	60	189	0	184	228	220	219
3	10000000	0	0	0	0	223	215	210
4	100	249	251	259	265	275	278	283
4	1000	242	241	237	237	263	257	265
4	10000	207	221	213	207	242	241	237
4	100000	194	193	191	195	238	226	226
4	1000000	189	186	184	175	225	225	219
4	10000000	0	0	0	0	220	214	205
5	100	268	256	269	266	279	275	282
5	1000	246	243	239	236	270	270	248
5	10000	206	224	206	204	243	243	243
5	100000	195	199	195	194	240	229	229
5	1000000	187	189	183	182	228	220	220
5	10000000	0	0	0	0	219	215	211
6	100	270	275	268	265	286	275	283
6	1000	238	240	235	238	272	256	266
6	10000	207	211	207	210	251	235	247
6	100000	195	197	186	193	237	232	227
6	1000000	186	0	186	184	229	222	222
6	10000000	0	0	0	0	218	216	209
7	100	268	271	262	263	285	274	277
7	1000	242	240	236	234	269	266	249
7	10000	214	215	202	199	242	238	237
7	100000	196	194	192	182	233	230	229
7	1000000	0	187	188	0	229	227	221
7	10000000	0	0	0	0	219	212	207
8	100	267	266	273	264	274	270	282
8	1000	244	236	233	239	262	264	263
8	10000	214	211	215	208	255	239	249
8	100000	197	198	188	195	239	230	237
8	1000000	184	183	0	178	231	213	222
8	10000000	0	0	0	0	217	217	205
9	100	263	268	262	257	272	280	281
9	1000	234	247	240	238	268	255	257
9	10000	215	217	209	198	242	240	236
9	100000	190	198	195	191	234	224	229
9	1000000	188	181	187	185	228	223	223
9	10000000	0	0	0	0	222	217	213
10	100	266	280	260	266	283	278	279
10	1000	241	234	239	227	269	254	263
10	10000	206	211	213	204	252	250	246
10	100000	196	189	193	191	230	223	231
10	1000000	187	185	105	187	228	224	217
10	10000000	0	0	0	0	222	213	207
11	100	263	257	261	268	283	278	276
11	1000	234	240	239	232	254	264	264
11	10000	209	212	206	203	255	244	237
11	100000	191	190	192	188	238	225	226
11	1000000	183	189	190	183	220	224	218
11	10000000	0	0	0	0	212	213	209
12	100	263	260	259	251	283	273	282
12	1000	242	239	224	237	266	265	268
12	10000	213	213	213	202	255	243	233
12	100000	195	192	195	182	240	232	225
12	1000000	0	182	186	0	231	215	220
12	10000000	0	0	0	0	215	210	213
13	100	264	262	259	269	283	280	270
13	1000	234	235	233	235	265	261	267
13	10000	213	213	213	208	247	238	239
13	100000	198	200	191	183	241	224	230
13	1000000	185	186	186	182	220	221	215
13	10000000	0	0	0	0	217	213	209
14	100	259	271	272	264	285	276	279
14	1000	243	239	235	228	269	270	258
14	10000	211	215	207	206	251	241	247
14	100000	197	190	193	188	231	228	234
14	1000000	187	186	186	187	223	221	222
14	10000000	180	0	0	0	209	215	210
15	100	266	253	267	259	284	284	275
15	1000	233	236	246	230	258	265	266
15	10000	211	219	216	206	249	242	245
15	100000	193	201	191	188	244	234	225
15	1000000	188	0	187	185	227	224	212
15	10000000	0	0	0	0	223	214	210
16	100	275	273	267	262	275	281	273
16	1000	242	239	230	231	269	268	268
16	10000	217	210	210	199	258	245	236
16	100000	198	199	191	195	242	227	230
16	1000000	186	186	183	187	232	224	214
16	10000000	0	0	179	0	213	215	210
17	100	271	261	263	275	284	272	265
17	1000	231	247	235	234	264	263	254
17	10000	216	220	213	202	248	241	242
17	100000	187	197	192	185	235	220	232
17	1000000	181	187	187	180	225	221	221
17	10000000	0	0	0	0	221	214	211
18	100	265	263	268	270	278	281	279
18	1000	235	239	241	232	265	273	260
18	10000	213	217	213	207	244	247	246
18	100000	187	197	192	182	234	228	224
18	1000000	0	182	189	181	232	220	214
18	10000000	0	0	178	0	219	209	212
19	100	268	267	270	259	284	274	282
19	1000	238	238	235	234	275	265	258
19	10000	210	213	210	208	250	247	236
19	100000	189	196	192	189	234	232	228
19	1000000	182	192	184	183	227	223	220
19	10000000	0	0	0	0	223	215	205
20	100	278	268	259	259	290	275	268
20	1000	247	237	230	242	264	260	258
20	10000	212	221	203	207	246	241	245
20	100000	196	192	192	187	231	229	226
20	1000000	189	186	0	180	231	225	217
20	10000000	0	177	180	0	217	218	209
21	100	262	271	260	266	273	271	281
21	1000	230	242	232	216	269	257	266
21	10000	217	209	211	205	254	250	244
21	100000	198	199	192	186	236	226	228
21	1000000	183	183	0	180	229	226	215
21	10000000	0	0	0	0	219	213	211
22	100	260	271	266	271	278	283	279
22	1000	241	237	236	235	262	268	254
22	10000	208	214	209	201	253	241	228
22	100000	195	193	190	188	239	229	226
22	1000000	186	186	0	176	224	215	216
22	10000000	0	0	0	0	213	207	211
23	100	265	263	263	259	280	285	282
23	1000	226	229	247	235	272	263	258
23	10000	207	210	211	204	246	239	231
23	100000	188	193	197	188	231	221	231
23	1000000	188	187	133	34	229	218	218
23	10000000	0	0	0	0	219	212	213
24	100	244	271	260	257	281	282	281
24	1000	231	236	239	238	268	261	260
24	10000	214	211	210	204	251	242	246
24	100000	193	196	190	186	242	225	223
24	1000000	180	24	182	183	231	222	215
24	10000000	0	0	0	0	219	212	211
25	100	269	275	250	257	277	279	272
25	1000	244	236	241	232	268	268	271
25	10000	211	214	205	202	255	242	240
25	100000	193	202	194	190	232	224	216
25	1000000	184	185	185	0	230	225	219
25	10000000	0	0	0	0	218	215	211
26	100	260	277	270	258	276	283	273
26	1000	238	236	241	235	263	251	250
26	10000	210	210	212	204	250	237	239
26	100000	202	197	187	188	234	228	229
26	1000000	190	183	180	184	229	226	214
26	10000000	0	0	0	0	219	216	206
27	100	270	270	260	259	273	282	277
27	1000	229	250	237	232	267	270	265
27	10000	214	215	209	204	249	249	247
27	100000	192	199	191	193	240	230	232
27	1000000	186	179	189	182	230	218	214
27	10000000	0	182	0	0	219	215	205
28	100	275	265	270	257	275	275	281
28	1000	239	248	235	232	268	268	264
28	10000	204	214	208	201	247	242	239
28	100000	194	197	198	187	238	230	231
28	1000000	185	186	183	177	225	215	219
28	10000000	0	176	0	180	219	213	206
29	100	261	266	273	261	278	270	277
29	1000	243	230	240	238	260	257	258
29	10000	203	206	215	204	249	246	248
29	100000	194	197	192	189	240	235	239
29	1000000	185	186	187	0	226	223	219
29	10000000	0	0	0	0	221	217	212
30	100	265	264	268	262	276	279	285
30	1000	229	240	241	231	267	254	258
30	10000	213	218	210	204	251	238	247
30	100000	186	200	196	195	237	230	230
30	1000000	187	190	185	182	227	227	220
30	10000000	0	0	0	0	220	211	209
31	100	250	259	270	271	271	278	283
31	1000	249	241	241	223	264	259	259
31	10000	218	208	206	203	238	245	247
31	100000	194	198	193	188	237	231	218
31	1000000	181	187	186	186	231	223	226
31	10000000	0	0	0	0	223	214	213
32	100	252	267	272	271	280	278	273
32	1000	234	253	239	233	266	267	261
32	10000	212	216	208	203	243	245	233
32	100000	35	191	191	192	244	223	226
32	1000000	176	36	181	176	229	222	222
32	10000000	0	0	0	0	220	218	211
33	100	267	270	267	264	275	276	282
33	1000	232	232	229	228	266	263	267
33	10000	209	211	209	202	250	254	238
33	100000	192	191	192	193	222	236	230
33	1000000	182	24	17	179	221	217	218
33	10000000	0	0	0	0	221	208	202
34	100	262	265	265	258	282	283	278
34	1000	241	235	234	240	259	266	263
34	10000	207	213	211	206	256	242	242
34	100000	191	204	194	194	236	227	225
34	1000000	0	0	187	0	230	224	214
34	10000000	0	0	0	0	215	214	208
35	100	258	260	264	268	279	280	275
35	1000	237	233	233	227	265	267	271
35	10000	214	217	208	200	245	243	247
35	100000	54	199	196	188	240	227	226
35	1000000	177	181	179	0	218	218	222
35	10000000	0	178	0	0	221	212	209
36	100	266	269	263	264	279	276	275
36	1000	241	235	243	236	273	263	250
36	10000	219	211	210	215	249	250	245
36	100000	206	188	193	192	236	232	230
36	1000000	187	175	188	186	232	224	221
36	10000000	0	181	171	0	217	214	212
37	100	276	273	270	255	284	284	280
37	1000	235	244	238	231	265	259	264
37	10000	216	214	214	206	243	242	246
37	100000	197	190	198	187	237	228	221
37	1000000	186	187	186	181	227	222	220
37	10000000	0	75	0	0	220	214	212
38	100	257	276	269	260	283	279	278
38	1000	246	237	229	234	267	263	267
38	10000	212	212	214	208	245	245	244
38	100000	194	197	188	189	233	228	228
38	1000000	0	189	181	176	225	220	220
38	10000000	0	0	0	0	222	215	210
39	100	268	265	265	259	272	273	271
39	1000	226	248	230	228	268	260	261
39	10000	212	215	205	204	255	243	246
39	100000	196	191	191	187	232	227	222
39	1000000	183	186	185	0	230	223	220
39	10000000	0	0	0	0	217	214	210
40	100	273	260	265	265	276	280	275
40	1000	249	240	237	225	265	269	254
40	10000	210	210	213	214	254	248	240
40	100000	195	199	187	194	239	228	226
40	1000000	0	188	181	184	226	224	224
40	10000000	0	0	0	0	221	216	211
41	100	270	272	267	265	276	282	278
41	1000	244	249	237	230	271	256	270
41	10000	210	211	219	209	251	244	244
41	100000	195	197	187	189	236	216	227
41	1000000	0	186	0	181	231	222	219
41	10000000	0	0	0	0	220	218	211
42	100	268	259	264	266	284	281	281
42	1000	242	232	234	232	259	264	267
42	10000	212	212	212	210	250	243	248
42	100000	200	197	198	188	234	223	229
42	1000000	188	184	175	0	231	218	217
42	10000000	0	0	0	0	224	208	205
43	100	270	269	271	262	283	275	277
43	1000	228	236	246	230	268	261	265
43	10000	208	203	208	204	247	245	241
43	100000	196	191	198	190	238	232	234
43	1000000	189	0	180	186	229	223	218
43	10000000	0	44	0	0	218	216	210
44	100	260	258	262	271	279	278	278
44	1000	251	236	243	234	262	271	267
44	10000	212	217	213	201	239	246	245
44	100000	192	197	197	191	232	233	235
44	1000000	182	185	176	0	228	222	218
44	10000000	180	0	0	0	220	217	208
45	100	267	274	270	272	278	284	279
45	1000	232	239	232	231	262	265	260
45	10000	211	208	214	205	249	238	239
45	100000	196	195	192	195	235	225	227
45	1000000	185	190	0	186	228	219	216
45	10000000	0	0	0	0	219	213	209
46	100	272	274	264	269	286	280	282
46	1000	240	243	239	232	269	262	252
46	10000	213	213	212	197	256	244	246
46	100000	201	196	186	189	241	222	231
46	1000000	183	187	186	184	225	224	212
46	10000000	0	0	0	0	219	216	209
47	100	266	269	263	257	282	279	275
47	1000	244	242	239	232	264	269	264
47	10000	205	217	214	201	253	234	244
47	100000	187	201	193	187	232	231	231
47	1000000	185	183	181	185	228	220	217
47	10000000	0	0	0	0	219	214	204
48	100	270	267	274	266	280	281	271
48	1000	231	253	243	231	260	265	272
48	10000	216	210	212	205	245	243	242
48	100000	195	196	187	190	235	223	233
48	1000000	186	180	190	185	228	224	222
48	10000000	0	0	0	0	218	215	209
49	100	269	268	269	270	278	276	276
49	1000	235	240	234	231	271	258	261
49	10000	214	222	214	202	258	240	237
49	100000	196	201	193	191	238	235	226
49	1000000	180	0	0	183	225	212	221
49	10000000	0	0	0	0	219	215	211
50	100	264	268	279	266	285	282	279
50	1000	242	243	237	231	262	272	261
50	10000	216	212	205	209	245	249	246
50	100000	198	192	197	188	244	241	228
50	1000000	186	121	190	183	231	226	221
50	10000000	0	0	0	0	219	216	211
