Instance	Generations	Cycle(8)	Cycle(7)	Cycle(6)	Cycle(5)	Cycle(4)	Cycle(3)	Swap	Insertion	Reversal	Scramble
1	1	1171	1181	1189	1195	1181	1196	1201	1193	1197	1190
1	10	1157	1161	1151	1166	1159	1169	1176	1167	1173	1162
1	100	1098	1094	1085	1081	1069	1074	1072	1137	1132	1152
1	1000	1024	1007	999	1004	999	1002	976	1086	1072	1076
1	10000	925	925	937	933	924	915	915	1057	1032	1026
2	1	1185	1188	1194	1198	1186	1189	1201	1191	1191	1194
2	10	1168	1167	1168	1168	1159	1149	1169	1184	1171	1171
2	100	1106	1112	1077	1084	1075	1055	1078	1129	1152	1143
2	1000	1021	996	1000	1011	999	985	971	1096	1066	1089
2	10000	945	937	958	933	932	927	906	1027	1040	1035
3	1	1199	1183	1183	1184	1199	1181	1185	1190	1192	1198
3	10	1170	1155	1162	1167	1170	1157	1137	1168	1187	1180
3	100	1096	1097	1099	1083	1071	1075	1058	1133	1136	1137
3	1000	1019	1017	1010	1006	997	994	991	1088	1066	1090
3	10000	934	958	949	938	934	916	901	1046	1024	1022
4	1	1193	1186	1188	1192	1193	1196	1197	1193	1187	1190
4	10	1153	1165	1167	1167	1166	1161	1170	1176	1172	1168
4	100	1083	1107	1074	1075	1085	1065	1070	1132	1135	1140
4	1000	1012	1019	1005	1006	1013	988	966	1085	1081	1086
4	10000	951	950	933	949	923	920	919	1038	1043	1043
5	1	1191	1182	1185	1182	1190	1197	1199	1188	1186	1193
5	10	1160	1152	1155	1141	1153	1168	1170	1167	1169	1174
5	100	1091	1091	1095	1069	1085	1085	1075	1131	1158	1157
5	1000	1013	1014	1012	1008	995	983	968	1102	1099	1078
5	10000	945	954	944	936	917	931	918	1045	1071	1036
6	1	1197	1199	1188	1208	1189	1191	1190	1195	1172	1188
6	10	1165	1166	1158	1171	1151	1164	1168	1178	1151	1171
6	100	1097	1099	1094	1065	1063	1066	1057	1139	1141	1145
6	1000	1020	1007	1010	1001	994	985	984	1080	1084	1054
6	10000	955	946	936	926	921	910	922	1042	1043	1029
7	1	1184	1184	1185	1202	1191	1197	1185	1183	1181	1185
7	10	1145	1149	1153	1163	1157	1150	1165	1173	1172	1152
7	100	1109	1087	1101	1077	1072	1084	1060	1149	1133	1131
7	1000	1009	1018	1013	1003	996	1003	972	1096	1080	1070
7	10000	948	948	939	927	922	943	907	1050	1041	1030
8	1	1195	1199	1184	1193	1186	1191	1181	1190	1174	1187
8	10	1159	1162	1158	1171	1152	1153	1153	1180	1163	1170
8	100	1100	1090	1090	1075	1071	1081	1069	1142	1141	1140
8	1000	1030	1017	1012	998	1004	1000	983	1093	1091	1094
8	10000	961	937	925	934	920	922	907	1048	1033	1039
9	1	1196	1192	1170	1187	1198	1208	1194	1193	1193	1186
9	10	1161	1164	1149	1167	1152	1162	1157	1181	1152	1154
9	100	1103	1069	1088	1096	1074	1075	1074	1133	1124	1135
9	1000	1016	1014	1013	1010	995	993	983	1090	1079	1087
9	10000	945	949	948	936	932	926	917	1045	1039	1021
10	1	1193	1164	1189	1188	1179	1196	1188	1196	1187	1190
10	10	1170	1146	1159	1155	1161	1172	1154	1166	1179	1176
10	100	1104	1083	1094	1069	1075	1082	1064	1143	1147	1137
10	1000	1016	1013	1022	1003	997	981	975	1085	1066	1076
10	10000	949	943	941	945	937	913	928	1041	1029	1038
11	1	1199	1191	1189	1194	1186	1191	1188	1188	1185	1197
11	10	1167	1156	1161	1158	1164	1166	1163	1173	1177	1168
11	100	1108	1083	1091	1077	1081	1075	1046	1132	1144	1143
11	1000	1023	1008	1014	997	989	978	981	1088	1100	1083
11	10000	957	937	940	927	938	932	920	1048	1037	1037
12	1	1192	1184	1187	1188	1191	1184	1195	1176	1191	1190
12	10	1164	1146	1150	1167	1171	1157	1162	1164	1177	1178
12	100	1106	1089	1094	1078	1084	1055	1053	1140	1142	1133
12	1000	1022	1014	999	1014	992	993	968	1091	1088	1087
12	10000	950	950	949	944	920	935	896	1053	1039	1038
13	1	1189	1179	1191	1179	1180	1190	1180	1186	1189	1192
13	10	1158	1169	1161	1164	1133	1166	1159	1170	1178	1161
13	100	1100	1100	1092	1071	1072	1090	1078	1138	1138	1131
13	1000	1026	1018	1012	989	992	999	985	1083	1099	1076
13	10000	956	940	939	935	917	923	920	1052	1044	1038
14	1	1192	1182	1179	1185	1189	1176	1193	1194	1192	1196
14	10	1162	1157	1153	1166	1167	1150	1159	1172	1172	1184
14	100	1095	1097	1075	1089	1082	1067	1059	1116	1142	1150
14	1000	1034	1015	999	995	996	970	964	1103	1074	1073
14	10000	955	952	942	921	912	936	906	1052	1016	1034
15	1	1192	1185	1189	1194	1180	1199	1189	1189	1188	1195
15	10	1162	1164	1164	1167	1157	1166	1149	1170	1173	1184
15	100	1093	1092	1089	1100	1096	1067	1058	1139	1161	1140
15	1000	1035	1014	980	1003	997	983	984	1089	1103	1076
15	10000	965	953	941	938	938	929	920	1060	1050	1019
16	1	1186	1194	1201	1198	1192	1193	1187	1183	1192	1192
16	10	1156	1157	1166	1163	1162	1160	1169	1166	1181	1175
16	100	1098	1084	1097	1080	1083	1082	1071	1127	1128	1141
16	1000	1016	1005	1005	1013	1005	971	968	1093	1092	1091
16	10000	944	947	948	936	931	916	919	1039	1021	1055
17	1	1191	1196	1193	1183	1193	1200	1179	1192	1198	1199
17	10	1152	1162	1166	1158	1156	1151	1151	1164	1174	1169
17	100	1099	1101	1100	1082	1078	1086	1046	1138	1148	1141
17	1000	1034	1019	1010	995	984	977	962	1089	1086	1075
17	10000	940	958	927	935	915	916	912	1063	1035	1030
18	1	1183	1168	1198	1194	1194	1191	1199	1180	1186	1185
18	10	1151	1156	1167	1166	1159	1175	1168	1176	1145	1173
18	100	1083	1103	1084	1083	1079	1080	1069	1137	1118	1131
18	1000	1029	1024	1012	992	977	993	980	1057	1066	1067
18	10000	949	938	945	930	922	911	916	1040	1016	1019
19	1	1175	1184	1199	1184	1194	1184	1180	1191	1186	1181
19	10	1151	1160	1154	1160	1166	1148	1156	1167	1172	1171
19	100	1098	1094	1085	1079	1079	1076	1075	1142	1153	1127
19	1000	1032	1009	1002	1003	997	990	986	1101	1069	1061
19	10000	964	930	915	941	925	930	917	1043	1020	1025
20	1	1188	1188	1198	1184	1184	1192	1197	1183	1181	1179
20	10	1168	1160	1161	1154	1158	1169	1166	1171	1171	1170
20	100	1083	1089	1097	1084	1080	1076	1060	1116	1134	1141
20	1000	1017	1011	1018	1020	1001	984	972	1077	1068	1074
20	10000	954	948	938	946	922	932	926	1039	1034	1031
21	1	1196	1194	1200	1190	1195	1204	1185	1187	1188	1184
21	10	1164	1159	1160	1168	1154	1173	1169	1151	1175	1167
21	100	1086	1081	1093	1085	1069	1070	1079	1133	1147	1152
21	1000	1007	1018	1003	1006	1009	999	970	1096	1077	1075
21	10000	948	955	938	940	933	911	909	1052	1021	1023
22	1	1192	1193	1198	1196	1196	1188	1204	1174	1190	1199
22	10	1153	1157	1166	1153	1161	1164	1171	1164	1170	1173
22	100	1086	1090	1094	1079	1078	1073	1069	1138	1158	1144
22	1000	1023	1028	1015	999	992	975	962	1103	1094	1072
22	10000	944	950	947	933	937	926	907	1051	1044	1005
23	1	1192	1187	1185	1189	1188	1174	1201	1188	1188	1186
23	10	1160	1164	1146	1167	1162	1152	1169	1173	1174	1179
23	100	1092	1078	1093	1082	1086	1058	1064	1152	1126	1148
23	1000	1007	1001	995	988	999	985	966	1096	1086	1086
23	10000	944	932	939	939	931	925	920	1045	1048	1021
24	1	1190	1183	1203	1187	1201	1196	1193	1198	1180	1194
24	10	1158	1160	1168	1164	1161	1176	1165	1164	1176	1167
24	100	1099	1092	1101	1085	1080	1075	1049	1141	1136	1121
24	1000	1030	1031	1007	1001	986	986	972	1094	1079	1046
24	10000	953	950	946	945	927	933	915	1060	1049	1017
25	1	1187	1179	1195	1180	1189	1199	1182	1197	1173	1196
25	10	1161	1142	1158	1171	1160	1152	1151	1178	1169	1165
25	100	1091	1064	1087	1086	1087	1057	1047	1134	1133	1139
25	1000	1028	1030	1004	1008	991	977	956	1064	1078	1075
25	10000	967	962	933	930	923	924	910	1046	1042	1039
26	1	1199	1184	1167	1189	1187	1179	1187	1187	1193	1196
26	10	1166	1164	1146	1162	1156	1152	1161	1164	1172	1169
26	100	1102	1088	1074	1090	1058	1068	1069	1137	1131	1137
26	1000	1017	1039	1001	1001	980	983	987	1095	1096	1083
26	10000	949	953	940	935	934	935	910	1056	1048	1037
27	1	1191	1187	1185	1191	1198	1190	1177	1193	1198	1175
27	10	1161	1144	1156	1172	1157	1175	1158	1177	1183	1164
27	100	1105	1091	1067	1073	1082	1084	1066	1132	1128	1146
27	1000	1017	1017	1022	1009	1014	975	960	1078	1059	1076
27	10000	948	959	941	945	927	915	908	1029	1022	1025
28	1	1196	1180	1192	1171	1179	1176	1197	1182	1186	1186
28	10	1170	1153	1153	1147	1152	1152	1169	1170	1172	1179
28	100	1094	1078	1077	1080	1064	1088	1079	1135	1126	1149
28	1000	1018	1012	1023	997	1000	983	966	1087	1081	1077
28	10000	939	941	944	925	929	923	921	1053	1025	1043
29	1	1187	1167	1193	1193	1181	1185	1196	1193	1194	1197
29	10	1153	1152	1166	1160	1168	1153	1167	1166	1179	1174
29	100	1114	1074	1091	1081	1073	1082	1079	1153	1143	1158
29	1000	1014	1017	1017	1000	987	997	982	1088	1082	1101
29	10000	953	953	939	921	920	921	913	1054	1020	1037
30	1	1193	1202	1203	1190	1176	1179	1191	1194	1188	1199
30	10	1167	1171	1163	1159	1154	1156	1162	1169	1176	1170
30	100	1094	1100	1077	1088	1060	1072	1068	1143	1139	1127
30	1000	1024	1008	989	1002	1002	971	970	1081	1081	1071
30	10000	951	926	945	945	944	925	904	1048	1028	1024
31	1	1176	1196	1181	1179	1183	1174	1191	1202	1178	1180
31	10	1162	1173	1152	1143	1165	1160	1169	1163	1178	1160
31	100	1096	1090	1088	1077	1077	1083	1061	1122	1136	1129
31	1000	1036	1010	1006	1005	996	985	987	1074	1092	1066
31	10000	961	952	944	937	928	938	906	1047	1043	1027
32	1	1185	1191	1199	1184	1180	1184	1191	1198	1201	1188
32	10	1159	1159	1171	1163	1158	1163	1164	1164	1173	1171
32	100	1093	1100	1093	1075	1081	1066	1072	1141	1149	1119
32	1000	1027	1009	1024	990	982	991	985	1101	1086	1070
32	10000	954	941	949	944	928	931	897	1041	1034	1031
33	1	1186	1189	1193	1191	1185	1195	1199	1182	1195	1197
33	10	1166	1165	1170	1153	1154	1161	1162	1167	1183	1166
33	100	1115	1081	1106	1075	1090	1084	1069	1141	1127	1132
33	1000	1022	1027	1012	994	1010	998	970	1098	1065	1077
33	10000	945	940	926	941	926	926	911	1049	1034	1037
34	1	1178	1175	1199	1180	1185	1197	1187	1180	1192	1179
34	10	1158	1146	1169	1152	1161	1169	1163	1170	1175	1179
34	100	1093	1088	1087	1074	1073	1076	1073	1147	1139	1147
34	1000	1019	1014	1024	995	997	994	984	1103	1075	1090
34	10000	952	947	950	940	924	907	914	1065	1041	1037
35	1	1198	1192	1191	1189	1197	1190	1184	1177	1190	1189
35	10	1151	1150	1167	1161	1169	1156	1152	1161	1162	1174
35	100	1081	1070	1097	1088	1067	1077	1066	1139	1130	1122
35	1000	1021	1023	1004	1009	996	1003	973	1088	1095	1084
35	10000	944	948	946	946	928	924	903	1047	1035	1029
36	1	1192	1190	1189	1192	1193	1184	1175	1177	1193	1194
36	10	1172	1156	1145	1162	1162	1167	1154	1175	1173	1177
36	100	1091	1079	1082	1084	1086	1082	1069	1134	1134	1145
36	1000	1020	1017	1012	998	1003	991	984	1077	1086	1082
36	10000	956	954	951	944	933	913	921	1047	1045	1023
37	1	1187	1201	1184	1197	1186	1167	1189	1194	1186	1199
37	10	1160	1165	1162	1169	1160	1143	1162	1178	1166	1160
37	100	1105	1084	1076	1089	1084	1069	1060	1135	1138	1138
37	1000	1016	1008	991	1004	1001	1000	977	1078	1069	1093
37	10000	952	944	923	932	919	918	922	1044	1038	1013
38	1	1193	1183	1189	1198	1192	1190	1197	1190	1184	1193
38	10	1151	1160	1161	1171	1171	1165	1166	1161	1175	1168
38	100	1086	1089	1086	1090	1071	1072	1075	1141	1119	1134
38	1000	1016	1022	1008	997	985	1000	991	1072	1067	1059
38	10000	946	944	939	927	919	924	920	1047	1033	1026
39	1	1192	1179	1197	1187	1187	1203	1181	1191	1193	1191
39	10	1159	1156	1166	1159	1160	1172	1165	1161	1180	1176
39	100	1101	1083	1098	1092	1078	1076	1062	1139	1153	1140
39	1000	1018	1009	1018	1002	1000	999	976	1072	1071	1097
39	10000	970	965	953	937	938	920	906	1029	1037	1026
40	1	1191	1199	1203	1187	1192	1202	1196	1191	1191	1182
40	10	1161	1168	1164	1159	1167	1175	1174	1179	1175	1179
40	100	1086	1080	1085	1081	1089	1069	1069	1134	1140	1134
40	1000	1010	998	1006	998	992	978	967	1091	1069	1093
40	10000	942	941	946	935	925	919	912	1046	1031	1022
41	1	1197	1194	1195	1198	1182	1190	1196	1184	1191	1193
41	10	1148	1159	1162	1161	1164	1156	1167	1163	1159	1173
41	100	1077	1102	1078	1088	1089	1074	1062	1118	1138	1152
41	1000	1029	1011	1005	1008	1012	987	989	1071	1083	1091
41	10000	960	915	940	932	946	923	901	1046	1035	1044
42	1	1184	1195	1203	1185	1197	1175	1191	1177	1188	1195
42	10	1151	1150	1168	1166	1155	1142	1162	1177	1159	1180
42	100	1083	1090	1082	1080	1084	1065	1051	1139	1147	1148
42	1000	1011	1011	1013	999	1011	968	967	1090	1085	1087
42	10000	950	973	940	931	926	923	899	1041	1031	1021
43	1	1187	1194	1188	1197	1198	1189	1193	1198	1192	1197
43	10	1170	1163	1173	1172	1179	1164	1156	1181	1171	1179
43	100	1107	1093	1095	1097	1087	1070	1082	1130	1143	1158
43	1000	1029	1007	1004	1011	991	995	980	1089	1072	1067
43	10000	945	948	958	944	940	916	922	1061	1022	1020
44	1	1196	1197	1193	1181	1201	1198	1187	1198	1181	1184
44	10	1165	1170	1165	1163	1162	1175	1168	1167	1172	1172
44	100	1089	1082	1098	1084	1084	1061	1047	1147	1143	1134
44	1000	1021	1014	1023	1004	992	993	986	1105	1084	1071
44	10000	938	948	954	946	909	930	928	1068	1026	1028
45	1	1194	1187	1204	1190	1188	1175	1190	1196	1173	1194
45	10	1164	1167	1171	1171	1159	1142	1160	1182	1163	1163
45	100	1094	1088	1104	1098	1081	1071	1081	1139	1151	1118
45	1000	1023	1033	1021	1002	1005	984	981	1091	1098	1076
45	10000	949	946	944	938	940	926	914	1066	1028	1034
46	1	1189	1182	1185	1198	1187	1185	1182	1192	1175	1198
46	10	1161	1160	1157	1161	1170	1164	1156	1156	1169	1176
46	100	1095	1087	1085	1081	1061	1064	1058	1129	1137	1145
46	1000	1041	1015	1000	1022	987	993	983	1086	1066	1110
46	10000	961	940	923	940	924	926	917	1050	1020	1050
47	1	1181	1190	1194	1195	1182	1189	1189	1179	1192	1193
47	10	1154	1175	1155	1156	1152	1168	1155	1171	1175	1173
47	100	1093	1088	1093	1086	1081	1089	1063	1144	1124	1126
47	1000	1027	994	1015	1013	984	983	990	1081	1073	1082
47	10000	939	946	950	931	918	925	910	1050	1037	1025
48	1	1176	1191	1185	1187	1188	1196	1193	1198	1193	1185
48	10	1157	1159	1160	1168	1164	1148	1167	1178	1173	1167
48	100	1082	1077	1089	1088	1093	1083	1060	1129	1136	1149
48	1000	1023	1010	1012	1012	1009	996	963	1107	1085	1080
48	10000	957	951	944	949	914	900	907	1070	1035	1024
49	1	1196	1196	1186	1189	1187	1194	1192	1179	1192	1197
49	10	1146	1137	1152	1156	1164	1156	1170	1169	1160	1175
49	100	1099	1084	1081	1072	1081	1067	1074	1139	1132	1138
49	1000	1011	1023	1015	1001	985	1000	980	1080	1076	1082
49	10000	939	947	943	933	909	935	924	1043	1027	1019
50	1	1194	1189	1192	1176	1191	1192	1190	1196	1190	1194
50	10	1162	1167	1160	1153	1165	1167	1161	1168	1177	1157
50	100	1103	1094	1097	1076	1071	1070	1051	1150	1142	1117
50	1000	1017	1021	998	996	1011	974	964	1099	1101	1081
50	10000	947	944	953	943	937	917	922	1055	1021	1037
51	1	1193	1185	1175	1193	1183	1197	1186	1195	1190	1189
51	10	1168	1155	1160	1164	1158	1170	1167	1172	1170	1172
51	100	1081	1107	1071	1095	1080	1073	1078	1130	1139	1135
51	1000	1034	1024	994	1001	1002	983	974	1086	1054	1075
51	10000	945	959	941	937	929	922	902	1058	1004	1034
52	1	1187	1186	1193	1189	1188	1189	1200	1195	1197	1170
52	10	1170	1164	1163	1168	1143	1167	1170	1182	1158	1168
52	100	1095	1088	1074	1064	1075	1078	1069	1134	1136	1140
52	1000	1022	1029	1012	1004	1003	985	975	1100	1076	1094
52	10000	956	933	933	930	937	916	912	1058	1022	1041
53	1	1192	1187	1202	1178	1177	1189	1194	1192	1193	1178
53	10	1168	1138	1168	1151	1136	1169	1165	1176	1173	1177
53	100	1095	1083	1094	1092	1089	1075	1080	1147	1146	1144
53	1000	1022	1002	1004	1003	1010	998	969	1088	1090	1099
53	10000	949	948	938	947	921	922	908	1041	1025	1031
54	1	1192	1187	1175	1187	1176	1190	1201	1175	1173	1188
54	10	1170	1153	1138	1131	1153	1170	1171	1169	1167	1171
54	100	1095	1079	1082	1074	1077	1079	1084	1146	1131	1123
54	1000	1005	1019	1010	989	979	983	975	1091	1078	1076
54	10000	942	953	937	941	913	927	913	1038	1037	1030
55	1	1191	1189	1194	1193	1195	1190	1184	1204	1185	1178
55	10	1156	1151	1172	1153	1157	1173	1167	1174	1174	1161
55	100	1087	1095	1086	1092	1078	1082	1053	1140	1151	1124
55	1000	1009	1027	987	996	991	991	981	1091	1089	1080
55	10000	934	934	933	947	939	906	894	1070	1027	1036
56	1	1186	1192	1194	1200	1188	1195	1193	1198	1173	1187
56	10	1167	1158	1163	1162	1149	1160	1157	1183	1165	1178
56	100	1094	1087	1075	1087	1067	1064	1065	1146	1148	1152
56	1000	1022	1018	1001	1015	980	980	973	1105	1079	1073
56	10000	958	940	927	943	936	916	907	1062	1043	1034
57	1	1181	1176	1189	1196	1183	1195	1198	1196	1193	1187
57	10	1145	1145	1142	1168	1152	1166	1167	1178	1175	1178
57	100	1087	1088	1088	1080	1073	1075	1070	1152	1134	1143
57	1000	1018	1030	1021	1001	997	976	972	1090	1074	1072
57	10000	951	951	939	954	927	916	901	1038	1023	1009
58	1	1185	1188	1188	1190	1197	1195	1194	1196	1189	1169
58	10	1165	1167	1160	1157	1164	1159	1169	1175	1179	1156
58	100	1098	1088	1095	1091	1098	1069	1062	1146	1138	1138
58	1000	1035	1026	1005	996	992	985	971	1083	1089	1068
58	10000	966	955	918	926	919	920	914	1058	1031	1039
59	1	1197	1201	1177	1195	1202	1195	1194	1197	1190	1186
59	10	1160	1177	1145	1155	1163	1172	1173	1178	1168	1174
59	100	1093	1091	1093	1083	1080	1080	1063	1138	1152	1156
59	1000	1012	1009	1012	1000	997	994	977	1104	1077	1078
59	10000	950	939	943	940	934	928	909	1044	1021	1022
60	1	1173	1194	1199	1193	1202	1188	1197	1188	1188	1182
60	10	1160	1161	1171	1148	1165	1165	1161	1167	1171	1178
60	100	1113	1102	1090	1077	1084	1070	1062	1146	1156	1142
60	1000	1015	1020	993	1007	991	987	966	1107	1087	1084
60	10000	932	950	946	936	926	923	896	1060	1046	1017
61	1	1201	1184	1189	1195	1201	1195	1195	1189	1186	1186
61	10	1152	1158	1175	1163	1173	1171	1166	1173	1176	1180
61	100	1093	1099	1088	1083	1070	1072	1064	1138	1145	1140
61	1000	1041	1010	1019	1013	996	987	980	1078	1072	1084
61	10000	943	944	942	946	952	932	905	1054	1037	1044
62	1	1189	1191	1189	1189	1197	1196	1185	1174	1188	1194
62	10	1161	1148	1155	1161	1170	1167	1165	1168	1169	1176
62	100	1086	1084	1094	1103	1073	1058	1084	1160	1143	1145
62	1000	1018	1000	1032	1013	993	988	960	1093	1086	1082
62	10000	949	944	959	930	933	939	888	1058	1032	1048
63	1	1186	1189	1196	1196	1189	1192	1188	1187	1189	1184
63	10	1151	1158	1173	1164	1157	1157	1167	1179	1160	1160
63	100	1090	1096	1074	1086	1078	1070	1065	1131	1140	1129
63	1000	1008	1029	1010	1008	987	996	972	1087	1083	1056
63	10000	951	946	932	946	930	922	900	1047	1038	1020
64	1	1188	1203	1199	1186	1193	1195	1189	1184	1201	1195
64	10	1162	1165	1164	1163	1159	1161	1167	1176	1177	1176
64	100	1100	1106	1086	1070	1083	1068	1070	1118	1132	1129
64	1000	1004	1023	1009	975	997	995	974	1089	1086	1078
64	10000	950	941	948	921	930	915	929	1053	1057	1016
65	1	1190	1193	1195	1185	1195	1188	1176	1191	1193	1195
65	10	1156	1162	1156	1158	1162	1164	1153	1179	1174	1172
65	100	1097	1095	1093	1085	1066	1076	1067	1133	1134	1141
65	1000	1016	1027	1013	1014	997	973	990	1095	1092	1071
65	10000	951	950	946	948	937	917	912	1029	1031	1031
66	1	1181	1193	1200	1192	1191	1200	1185	1171	1197	1182
66	10	1163	1150	1166	1170	1160	1170	1163	1161	1188	1153
66	100	1089	1096	1093	1056	1079	1074	1073	1159	1120	1131
66	1000	1022	1027	997	993	982	972	975	1090	1076	1088
66	10000	961	955	942	945	924	919	919	1048	1055	1035
67	1	1189	1187	1193	1192	1180	1184	1186	1197	1168	1179
67	10	1164	1154	1149	1154	1153	1152	1160	1175	1162	1174
67	100	1077	1085	1099	1068	1058	1066	1058	1134	1142	1137
67	1000	1026	1019	1011	1007	998	992	972	1092	1075	1096
67	10000	959	952	930	916	922	925	921	1073	1042	1042
68	1	1184	1197	1197	1188	1195	1194	1193	1191	1187	1181
68	10	1168	1167	1165	1160	1161	1170	1159	1158	1178	1170
68	100	1094	1096	1093	1092	1089	1091	1069	1120	1140	1144
68	1000	1014	1016	1012	999	996	988	992	1097	1091	1079
68	10000	937	940	955	934	924	932	924	1033	1017	1033
69	1	1196	1186	1193	1187	1195	1190	1189	1178	1189	1180
69	10	1169	1165	1164	1162	1168	1156	1164	1162	1170	1176
69	100	1098	1093	1067	1081	1080	1084	1071	1127	1147	1138
69	1000	1025	1017	1009	983	1010	1001	967	1083	1099	1090
69	10000	954	943	944	939	929	918	928	1054	1032	1041
70	1	1194	1181	1195	1184	1194	1197	1195	1198	1196	1191
70	10	1166	1159	1166	1158	1163	1159	1165	1175	1172	1177
70	100	1094	1087	1099	1087	1077	1067	1083	1161	1135	1131
70	1000	1022	1015	1019	1026	998	988	985	1110	1084	1074
70	10000	948	954	935	933	934	920	924	1055	1043	1014
71	1	1190	1188	1190	1190	1201	1191	1188	1188	1193	1193
71	10	1163	1150	1162	1153	1163	1158	1157	1166	1169	1185
71	100	1111	1096	1085	1084	1095	1078	1045	1134	1138	1141
71	1000	1011	1013	1020	982	1001	994	956	1089	1089	1087
71	10000	935	936	956	943	936	922	901	1037	1036	1018
72	1	1173	1178	1183	1192	1197	1186	1201	1192	1196	1195
72	10	1154	1151	1159	1168	1169	1159	1164	1175	1174	1165
72	100	1106	1098	1086	1081	1071	1076	1077	1137	1126	1142
72	1000	1020	1026	1013	1005	986	986	960	1097	1054	1094
72	10000	952	954	942	935	929	910	915	1058	1017	1033
73	1	1197	1199	1188	1177	1183	1188	1194	1180	1179	1184
73	10	1159	1164	1159	1152	1156	1160	1161	1169	1158	1171
73	100	1094	1094	1078	1082	1078	1072	1063	1138	1138	1141
73	1000	1033	1018	1018	1001	988	988	982	1102	1096	1068
73	10000	946	947	926	941	925	934	918	1058	1061	1037
74	1	1190	1184	1199	1179	1191	1190	1180	1185	1192	1185
74	10	1151	1171	1165	1155	1163	1159	1154	1162	1179	1177
74	100	1092	1100	1078	1080	1076	1084	1056	1148	1139	1118
74	1000	1023	1011	999	1005	1004	989	970	1103	1081	1088
74	10000	950	941	938	926	930	920	909	1070	1037	1046
75	1	1190	1186	1191	1194	1171	1189	1196	1192	1190	1160
75	10	1158	1166	1155	1171	1157	1165	1170	1179	1175	1160
75	100	1111	1092	1081	1076	1076	1065	1054	1128	1161	1135
75	1000	1017	1016	1016	997	1000	984	999	1100	1093	1067
75	10000	944	941	943	923	940	921	922	1050	1037	1019
76	1	1195	1197	1176	1195	1188	1168	1191	1185	1187	1196
76	10	1167	1165	1153	1166	1162	1151	1154	1178	1170	1182
76	100	1097	1102	1086	1092	1077	1055	1074	1140	1138	1152
76	1000	1008	1019	995	1003	985	993	950	1093	1073	1108
76	10000	945	955	926	934	925	926	908	1054	1054	1018
77	1	1195	1203	1192	1196	1198	1187	1194	1191	1190	1193
77	10	1168	1172	1156	1173	1156	1163	1177	1161	1179	1164
77	100	1085	1087	1093	1079	1079	1078	1083	1134	1145	1137
77	1000	1017	1029	1010	1002	1001	990	980	1095	1082	1081
77	10000	951	942	944	923	931	924	905	1061	1033	1032
78	1	1179	1191	1197	1188	1193	1189	1202	1189	1190	1177
78	10	1149	1154	1157	1152	1159	1163	1174	1175	1173	1153
78	100	1093	1091	1106	1086	1076	1084	1075	1133	1136	1115
78	1000	1008	1013	1001	1006	1011	996	979	1092	1083	1074
78	10000	959	948	956	940	929	907	906	1031	1040	1046
79	1	1191	1190	1192	1180	1185	1180	1170	1191	1176	1187
79	10	1152	1147	1154	1165	1160	1149	1140	1170	1165	1168
79	100	1077	1072	1094	1089	1068	1081	1072	1139	1148	1144
79	1000	1026	1008	1012	1010	1006	993	996	1080	1090	1076
79	10000	938	960	948	926	931	923	921	1050	1027	1037
80	1	1205	1189	1192	1183	1195	1185	1175	1188	1198	1187
80	10	1172	1174	1168	1157	1158	1158	1150	1165	1172	1174
80	100	1112	1092	1086	1077	1087	1074	1071	1156	1134	1145
80	1000	1015	1009	1008	1013	1011	983	988	1099	1089	1072
80	10000	944	945	943	947	934	928	914	1054	1060	1038
81	1	1197	1187	1189	1177	1201	1181	1192	1182	1198	1189
81	10	1169	1151	1159	1156	1164	1150	1155	1162	1157	1169
81	100	1104	1094	1080	1074	1099	1090	1053	1143	1132	1125
81	1000	1023	1014	1022	1002	1004	1004	977	1101	1082	1079
81	10000	945	935	957	934	946	933	921	1045	1016	1040
82	1	1177	1187	1181	1190	1180	1187	1201	1190	1192	1182
82	10	1150	1157	1147	1162	1153	1153	1171	1152	1181	1170
82	100	1084	1078	1103	1063	1082	1080	1056	1137	1143	1132
82	1000	1019	1009	1019	1008	996	991	974	1102	1080	1068
82	10000	953	957	925	935	926	926	915	1036	1017	1024
83	1	1198	1201	1181	1199	1175	1204	1199	1188	1182	1190
83	10	1176	1166	1156	1175	1159	1178	1167	1148	1150	1184
83	100	1104	1078	1086	1084	1082	1073	1077	1116	1117	1143
83	1000	1014	1021	1025	1016	990	971	965	1091	1073	1082
83	10000	960	956	942	935	930	915	930	1054	1038	1043
84	1	1200	1192	1199	1191	1186	1197	1194	1164	1187	1177
84	10	1166	1150	1167	1159	1159	1164	1171	1160	1167	1177
84	100	1066	1087	1088	1078	1095	1074	1064	1140	1149	1148
84	1000	1016	1023	1018	994	994	999	985	1080	1083	1081
84	10000	959	949	937	931	934	911	912	1043	1023	1031
85	1	1194	1193	1191	1195	1193	1183	1187	1196	1198	1176
85	10	1168	1156	1153	1171	1170	1156	1159	1172	1174	1172
85	100	1084	1110	1085	1079	1084	1076	1084	1146	1132	1135
85	1000	1031	1005	1003	1007	998	979	983	1091	1067	1097
85	10000	960	943	939	932	930	937	895	1046	1023	1048
86	1	1197	1201	1194	1191	1188	1176	1193	1178	1191	1196
86	10	1165	1170	1167	1171	1159	1145	1160	1167	1160	1169
86	100	1091	1100	1089	1092	1068	1074	1078	1131	1123	1118
86	1000	1014	1013	1002	1001	1001	987	978	1071	1068	1067
86	10000	966	944	936	941	903	918	890	1057	1020	1027
87	1	1206	1177	1190	1195	1195	1196	1187	1189	1187	1180
87	10	1171	1155	1161	1165	1162	1164	1157	1187	1174	1170
87	100	1087	1106	1094	1082	1084	1074	1067	1141	1143	1149
87	1000	1032	1020	1014	1000	993	991	998	1109	1080	1095
87	10000	937	957	944	933	931	926	906	1052	1030	1031
88	1	1184	1172	1187	1197	1184	1202	1191	1182	1193	1182
88	10	1166	1151	1150	1164	1159	1172	1164	1174	1170	1178
88	100	1101	1081	1105	1082	1071	1080	1074	1133	1147	1135
88	1000	1020	1024	1014	1018	982	982	951	1082	1075	1097
88	10000	956	952	943	944	927	913	918	1051	1038	1046
89	1	1171	1194	1185	1183	1189	1181	1195	1184	1192	1192
89	10	1144	1171	1166	1164	1167	1152	1166	1170	1175	1163
89	100	1086	1086	1107	1089	1063	1083	1071	1148	1136	1136
89	1000	1018	1014	1005	994	1001	990	979	1083	1093	1065
89	10000	950	952	944	930	920	913	912	1036	1035	1012
90	1	1191	1188	1190	1191	1205	1194	1192	1177	1199	1191
90	10	1165	1148	1155	1171	1167	1171	1166	1159	1179	1175
90	100	1099	1098	1090	1091	1075	1066	1065	1135	1125	1140
90	1000	1022	1014	1012	999	997	977	983	1105	1071	1081
90	10000	955	944	947	935	932	919	938	1049	1052	1031
91	1	1202	1195	1187	1198	1191	1195	1193	1183	1196	1184
91	10	1160	1169	1158	1163	1161	1154	1161	1181	1180	1176
91	100	1068	1078	1090	1091	1067	1061	1058	1134	1136	1148
91	1000	1002	1022	1012	993	1001	988	969	1094	1078	1078
91	10000	957	947	940	920	931	928	906	1049	1028	1016
92	1	1193	1190	1184	1187	1196	1200	1194	1187	1185	1185
92	10	1168	1151	1159	1156	1161	1173	1161	1166	1173	1166
92	100	1086	1097	1079	1092	1077	1060	1072	1147	1148	1148
92	1000	1025	1005	997	1000	997	1000	978	1109	1083	1074
92	10000	952	941	948	933	916	933	902	1049	1041	1021
93	1	1188	1185	1191	1189	1194	1193	1180	1190	1183	1186
93	10	1152	1167	1160	1154	1159	1162	1157	1156	1172	1156
93	100	1096	1099	1080	1077	1081	1068	1073	1136	1125	1133
93	1000	1034	1011	1001	999	1001	968	972	1087	1082	1084
93	10000	937	940	929	934	942	920	910	1062	1033	1026
94	1	1190	1182	1190	1182	1193	1199	1181	1196	1189	1187
94	10	1169	1168	1155	1153	1169	1166	1156	1167	1174	1163
94	100	1095	1083	1095	1082	1084	1075	1059	1113	1150	1146
94	1000	1003	1005	1014	1020	1003	980	981	1088	1072	1091
94	10000	952	948	941	923	942	935	927	1045	1029	1036
95	1	1179	1194	1186	1188	1187	1194	1201	1186	1180	1190
95	10	1153	1154	1157	1156	1164	1171	1175	1169	1170	1156
95	100	1082	1097	1086	1093	1057	1062	1070	1136	1142	1139
95	1000	1007	1014	1017	995	994	969	975	1075	1074	1060
95	10000	953	954	950	935	935	906	909	1035	1022	1017
96	1	1189	1191	1185	1205	1188	1192	1173	1182	1178	1191
96	10	1158	1162	1169	1176	1158	1156	1144	1176	1157	1174
96	100	1095	1105	1090	1087	1081	1061	1045	1135	1141	1146
96	1000	1026	1035	1004	1004	997	989	966	1102	1086	1067
96	10000	959	935	954	939	922	918	916	1038	1051	1034
97	1	1197	1192	1195	1197	1191	1197	1195	1193	1194	1186
97	10	1160	1167	1164	1158	1164	1170	1167	1179	1179	1172
97	100	1113	1085	1091	1081	1086	1074	1071	1147	1141	1145
97	1000	1026	1013	1009	989	994	982	978	1122	1078	1092
97	10000	945	955	932	931	932	915	916	1059	1027	1032
98	1	1183	1193	1200	1189	1200	1185	1193	1190	1179	1195
98	10	1161	1160	1148	1163	1161	1159	1165	1170	1173	1175
98	100	1099	1099	1080	1088	1079	1064	1069	1134	1156	1153
98	1000	1006	1016	1017	1003	999	979	973	1089	1082	1082
98	10000	947	943	942	927	917	938	934	1055	1057	1048
99	1	1185	1187	1182	1187	1199	1175	1192	1194	1193	1184
99	10	1141	1161	1161	1155	1161	1160	1171	1171	1188	1170
99	100	1096	1085	1099	1075	1076	1085	1061	1135	1139	1147
99	1000	1024	1006	1006	1002	986	997	971	1094	1094	1090
99	10000	953	955	957	940	930	910	902	1036	1046	1032
100	1	1198	1181	1197	1193	1182	1193	1180	1199	1193	1190
100	10	1156	1143	1158	1164	1146	1167	1165	1178	1166	1179
100	100	1101	1095	1086	1075	1075	1084	1070	1143	1135	1139
100	1000	1021	1014	1013	1001	996	973	970	1102	1082	1077
100	10000	959	956	937	926	932	908	915	1081	1051	1041
