Instance	Generations	Cycle(8)	Cycle(7)	Cycle(6)	Cycle(5)	Cycle(4)	Cycle(3)	Swap	Insertion	Reversal	Scramble
1	1	1182	1170	1184	1169	1174	1174	1182	1187	1177	1188
1	10	1096	1097	1100	1098	1102	1109	1118	1110	1130	1142
1	100	980	988	987	960	969	959	959	1072	1064	1067
1	1000	912	923	904	893	907	916	915	1030	1027	1023
1	10000	884	896	875	885	887	899	883	1019	1023	1010
2	1	1189	1185	1178	1183	1174	1174	1183	1182	1171	1173
2	10	1103	1094	1092	1104	1095	1107	1107	1161	1121	1132
2	100	984	973	982	977	978	970	952	1110	1062	1062
2	1000	912	925	925	903	901	889	901	1062	1022	1010
2	10000	885	895	909	890	885	888	878	1027	991	986
3	1	1178	1181	1178	1160	1194	1183	1172	1183	1185	1181
3	10	1099	1104	1110	1097	1120	1108	1100	1142	1149	1132
3	100	984	990	969	971	962	951	958	1078	1076	1063
3	1000	916	926	909	921	898	882	910	1055	1017	1019
3	10000	878	902	905	884	884	865	901	1032	985	995
4	1	1171	1183	1178	1164	1180	1184	1192	1180	1172	1179
4	10	1096	1113	1100	1099	1098	1111	1116	1125	1138	1128
4	100	965	1001	977	967	958	967	952	1072	1078	1046
4	1000	910	917	919	908	901	911	900	1053	1020	1012
4	10000	897	900	883	888	895	882	883	1044	1012	992
5	1	1175	1169	1185	1191	1182	1179	1185	1173	1188	1176
5	10	1098	1094	1100	1111	1093	1101	1114	1148	1128	1120
5	100	983	966	989	970	947	963	965	1092	1059	1055
5	1000	921	918	902	896	891	889	897	1056	1024	1032
5	10000	887	902	878	891	870	882	883	1031	1007	1012
6	1	1190	1184	1181	1167	1180	1180	1186	1160	1178	1187
6	10	1104	1095	1102	1101	1093	1114	1107	1129	1140	1142
6	100	962	985	982	969	962	965	954	1071	1071	1073
6	1000	908	918	913	914	892	914	891	1044	1036	1008
6	10000	891	878	891	903	879	872	880	1023	1014	989
7	1	1183	1180	1176	1181	1187	1197	1187	1179	1167	1163
7	10	1111	1116	1108	1105	1108	1118	1109	1147	1122	1110
7	100	986	980	964	974	941	964	962	1089	1058	1053
7	1000	913	923	916	929	897	896	912	1054	1018	995
7	10000	886	892	885	881	873	875	898	1035	1003	982
8	1	1183	1177	1188	1187	1188	1179	1180	1187	1177	1191
8	10	1102	1090	1108	1103	1116	1102	1119	1142	1121	1134
8	100	999	983	973	980	967	970	955	1090	1059	1051
8	1000	910	912	900	908	893	901	881	1054	1019	1012
8	10000	894	884	874	900	878	885	864	1025	1004	984
9	1	1179	1181	1181	1181	1188	1185	1185	1184	1183	1194
9	10	1099	1101	1104	1103	1104	1112	1116	1146	1141	1131
9	100	979	972	978	955	954	966	943	1067	1054	1052
9	1000	924	916	915	908	891	893	901	1046	1007	1016
9	10000	896	893	891	885	869	880	887	1024	989	1013
10	1	1183	1180	1184	1178	1178	1192	1192	1164	1185	1182
10	10	1100	1106	1116	1088	1099	1111	1112	1143	1151	1123
10	100	986	984	988	979	975	957	953	1097	1046	1039
10	1000	913	922	923	893	921	911	887	1051	1012	1006
10	10000	886	897	903	881	894	878	866	1027	1003	985
11	1	1184	1177	1186	1158	1171	1186	1187	1187	1171	1163
11	10	1116	1101	1105	1089	1086	1120	1116	1143	1125	1135
11	100	998	981	975	962	958	977	954	1086	1050	1059
11	1000	909	905	910	912	914	920	887	1044	1029	1013
11	10000	896	881	869	881	882	883	884	1031	1013	986
12	1	1190	1179	1191	1188	1183	1176	1181	1194	1172	1181
12	10	1107	1099	1105	1101	1094	1115	1106	1141	1121	1132
12	100	982	993	982	957	958	971	958	1087	1066	1056
12	1000	910	908	913	901	905	902	913	1068	1040	1015
12	10000	889	892	901	887	888	895	887	1035	1015	995
13	1	1170	1188	1180	1190	1181	1182	1170	1178	1182	1173
13	10	1094	1108	1099	1108	1107	1114	1109	1150	1138	1138
13	100	980	982	969	973	962	950	954	1075	1068	1065
13	1000	927	900	926	915	905	898	909	1050	1037	997
13	10000	888	896	910	888	891	884	890	1037	1004	987
14	1	1173	1182	1189	1182	1183	1188	1185	1185	1184	1184
14	10	1095	1103	1109	1097	1104	1107	1117	1148	1133	1128
14	100	998	982	968	970	980	960	965	1078	1079	1048
14	1000	906	909	904	917	896	900	899	1050	1026	1019
14	10000	897	887	886	892	882	875	878	1026	1009	990
15	1	1175	1178	1189	1177	1177	1191	1193	1184	1173	1177
15	10	1103	1106	1106	1107	1099	1109	1123	1150	1136	1122
15	100	986	975	974	971	966	965	936	1081	1062	1066
15	1000	930	911	905	907	909	902	897	1056	1031	1010
15	10000	887	895	878	893	887	890	870	1020	1019	985
16	1	1183	1170	1178	1183	1184	1180	1186	1195	1182	1176
16	10	1106	1101	1101	1108	1104	1107	1122	1130	1133	1136
16	100	986	989	989	960	964	975	949	1068	1063	1071
16	1000	929	908	923	905	894	928	917	1055	1029	1026
16	10000	889	888	881	897	874	893	877	1024	1011	1011
17	1	1186	1182	1182	1184	1188	1187	1193	1189	1175	1179
17	10	1099	1114	1104	1110	1121	1109	1112	1151	1127	1120
17	100	994	988	980	969	961	965	956	1078	1064	1031
17	1000	926	909	919	891	884	906	895	1046	1022	1017
17	10000	896	887	888	872	880	897	887	1024	1007	985
18	1	1178	1186	1177	1187	1181	1172	1177	1185	1178	1165
18	10	1100	1091	1093	1095	1101	1104	1109	1139	1138	1130
18	100	992	955	989	971	960	948	963	1085	1073	1062
18	1000	917	896	906	903	913	893	890	1046	1034	1021
18	10000	884	876	893	885	901	887	882	1029	1024	992
19	1	1172	1185	1183	1180	1184	1188	1189	1167	1181	1190
19	10	1111	1100	1100	1101	1103	1113	1108	1142	1135	1128
19	100	986	990	974	970	966	957	953	1080	1078	1061
19	1000	912	912	918	913	908	901	891	1019	1024	1027
19	10000	885	897	900	891	889	890	882	1012	1010	995
20	1	1173	1188	1174	1177	1175	1193	1187	1186	1182	1170
20	10	1092	1102	1101	1095	1095	1109	1119	1133	1136	1144
20	100	993	980	973	985	959	955	942	1071	1058	1072
20	1000	926	911	901	905	902	901	886	1045	1030	1040
20	10000	894	895	878	879	884	890	869	1011	1024	1014
21	1	1177	1178	1178	1190	1158	1195	1174	1189	1171	1172
21	10	1105	1103	1106	1115	1090	1120	1116	1139	1131	1125
21	100	1000	963	981	977	959	962	935	1078	1054	1056
21	1000	934	923	900	921	924	910	882	1034	1019	1027
21	10000	882	902	892	880	893	890	865	1029	1011	1002
22	1	1175	1183	1167	1185	1179	1192	1200	1190	1185	1186
22	10	1102	1107	1091	1090	1104	1118	1118	1150	1141	1127
22	100	990	984	972	975	969	951	968	1074	1059	1045
22	1000	922	917	913	930	895	899	892	1041	1036	1018
22	10000	890	883	893	900	864	886	881	1037	1012	991
23	1	1165	1179	1176	1189	1165	1190	1183	1183	1179	1170
23	10	1085	1098	1101	1102	1098	1123	1103	1157	1113	1114
23	100	981	978	983	974	967	957	948	1072	1052	1062
23	1000	902	925	911	896	906	916	896	1037	1022	1013
23	10000	883	886	886	866	889	883	884	1022	994	997
24	1	1168	1179	1195	1183	1185	1181	1191	1180	1185	1183
24	10	1091	1090	1090	1098	1103	1109	1110	1128	1123	1124
24	100	979	981	979	973	953	937	948	1074	1049	1062
24	1000	926	915	913	928	894	899	897	1030	1018	1027
24	10000	902	892	890	894	883	872	873	1023	1003	994
25	1	1176	1185	1176	1175	1181	1182	1190	1181	1188	1174
25	10	1106	1114	1103	1097	1099	1113	1108	1142	1137	1114
25	100	994	979	980	967	948	953	951	1083	1057	1045
25	1000	919	921	929	886	913	891	883	1054	1016	1017
25	10000	906	907	875	877	891	880	878	1038	1001	992
26	1	1185	1161	1168	1185	1182	1174	1190	1188	1188	1169
26	10	1097	1095	1103	1104	1103	1101	1118	1138	1131	1134
26	100	973	969	973	978	973	965	944	1081	1068	1060
26	1000	922	905	902	904	913	886	911	1065	1022	1015
26	10000	890	898	886	892	892	869	885	1038	1007	1001
27	1	1178	1179	1175	1167	1177	1183	1176	1179	1184	1188
27	10	1104	1104	1106	1084	1100	1113	1108	1142	1134	1131
27	100	988	996	975	969	966	945	951	1084	1070	1058
27	1000	913	915	923	914	899	908	891	1042	1038	1006
27	10000	886	893	888	895	883	897	883	1009	1019	998
28	1	1190	1176	1173	1177	1182	1179	1174	1178	1178	1180
28	10	1105	1094	1084	1101	1101	1105	1113	1117	1123	1126
28	100	983	960	974	958	969	970	955	1057	1076	1057
28	1000	925	914	912	905	917	898	888	1036	1028	1016
28	10000	881	882	896	888	895	875	873	1012	1012	992
29	1	1184	1186	1188	1182	1191	1167	1189	1186	1183	1181
29	10	1104	1101	1109	1098	1112	1100	1114	1140	1141	1129
29	100	986	974	979	960	955	946	965	1074	1058	1055
29	1000	900	926	903	911	911	898	894	1054	1033	1017
29	10000	888	894	872	891	882	877	883	997	1013	981
30	1	1154	1175	1182	1180	1184	1186	1175	1171	1183	1175
30	10	1088	1092	1094	1099	1102	1093	1107	1133	1137	1145
30	100	967	983	988	976	955	960	949	1084	1077	1059
30	1000	913	916	910	906	896	919	881	1045	1017	1015
30	10000	900	889	900	889	885	885	876	1030	990	993
31	1	1175	1188	1188	1181	1174	1174	1188	1193	1176	1183
31	10	1088	1112	1110	1100	1101	1100	1114	1139	1141	1117
31	100	989	985	962	976	950	959	954	1092	1068	1049
31	1000	915	900	905	907	898	924	891	1038	1046	1011
31	10000	896	871	883	881	879	894	882	1020	1031	989
32	1	1182	1188	1172	1190	1186	1181	1182	1189	1165	1183
32	10	1090	1089	1098	1107	1095	1110	1106	1151	1147	1129
32	100	980	983	978	972	969	977	946	1094	1050	1050
32	1000	917	928	914	908	915	907	870	1044	1024	1034
32	10000	903	906	881	884	890	893	863	1036	998	995
33	1	1179	1195	1170	1184	1174	1179	1187	1175	1189	1173
33	10	1099	1103	1090	1103	1095	1099	1119	1144	1135	1127
33	100	989	980	971	959	967	959	937	1084	1060	1040
33	1000	919	925	899	896	896	911	888	1055	1018	1015
33	10000	879	884	880	877	876	870	884	1026	1004	988
34	1	1183	1181	1182	1191	1181	1185	1187	1180	1183	1200
34	10	1111	1107	1098	1116	1108	1108	1115	1140	1128	1134
34	100	990	986	983	962	974	972	950	1092	1049	1041
34	1000	918	915	896	906	918	903	893	1051	1025	1004
34	10000	899	897	888	883	891	868	877	1034	1011	1000
35	1	1173	1172	1169	1171	1180	1189	1187	1185	1181	1173
35	10	1090	1099	1095	1112	1109	1107	1117	1134	1123	1123
35	100	988	973	981	967	972	951	958	1076	1076	1064
35	1000	924	916	899	908	917	897	892	1044	1030	1028
35	10000	898	885	882	882	910	879	879	1035	1008	1012
36	1	1177	1185	1179	1175	1167	1183	1172	1173	1172	1179
36	10	1100	1101	1107	1095	1096	1106	1115	1134	1135	1124
36	100	992	975	969	973	962	964	959	1087	1071	1064
36	1000	927	929	907	910	901	897	901	1031	1024	1017
36	10000	878	906	903	892	880	868	882	1018	1014	999
37	1	1174	1194	1178	1175	1186	1189	1193	1179	1181	1189
37	10	1092	1111	1091	1096	1101	1115	1104	1136	1130	1134
37	100	969	987	983	972	960	968	945	1061	1080	1063
37	1000	914	896	912	905	905	904	892	1040	1030	1013
37	10000	886	893	883	897	874	875	864	1020	1021	993
38	1	1176	1181	1189	1182	1179	1196	1189	1179	1174	1179
38	10	1100	1108	1107	1106	1099	1121	1111	1122	1126	1140
38	100	992	973	976	973	971	975	940	1074	1061	1052
38	1000	934	895	914	896	913	896	886	1032	1009	1019
38	10000	902	874	892	892	890	886	876	1008	1005	995
39	1	1182	1179	1179	1167	1194	1182	1187	1176	1184	1181
39	10	1105	1095	1100	1094	1123	1097	1115	1136	1135	1119
39	100	999	984	972	952	968	951	950	1092	1072	1054
39	1000	920	924	917	898	916	887	893	1051	1020	1016
39	10000	891	897	879	881	901	876	883	1029	1007	1001
40	1	1174	1182	1184	1171	1188	1186	1191	1177	1173	1179
40	10	1095	1098	1091	1105	1102	1110	1108	1149	1129	1129
40	100	977	988	972	976	958	964	944	1097	1068	1070
40	1000	914	921	914	932	889	912	913	1036	1021	1023
40	10000	892	897	866	886	882	889	885	1016	1002	993
41	1	1178	1190	1188	1179	1181	1184	1187	1177	1180	1182
41	10	1101	1110	1100	1111	1106	1115	1118	1150	1132	1130
41	100	992	984	965	972	963	969	960	1072	1076	1071
41	1000	927	921	911	904	915	893	892	1047	1027	1029
41	10000	898	889	900	892	874	865	866	1031	1003	1005
42	1	1186	1188	1188	1192	1189	1173	1179	1183	1176	1166
42	10	1110	1095	1111	1115	1118	1102	1110	1157	1126	1122
42	100	999	960	975	965	953	957	963	1080	1073	1043
42	1000	915	897	908	889	889	883	896	1042	1042	999
42	10000	884	878	898	883	878	869	891	1024	1005	990
43	1	1183	1185	1179	1183	1182	1171	1183	1191	1184	1183
43	10	1110	1108	1098	1097	1099	1110	1112	1155	1130	1132
43	100	981	1001	987	964	966	966	953	1101	1064	1052
43	1000	894	916	929	906	896	890	908	1070	1020	1003
43	10000	881	895	918	894	888	888	885	1040	1007	990
44	1	1176	1179	1185	1185	1184	1189	1179	1182	1182	1170
44	10	1102	1101	1103	1112	1103	1119	1107	1124	1129	1108
44	100	975	975	973	963	951	972	953	1059	1072	1060
44	1000	895	910	911	911	891	912	891	1016	1040	1017
44	10000	895	900	887	900	879	884	873	1009	1022	1004
45	1	1186	1180	1182	1179	1176	1185	1179	1174	1176	1183
45	10	1111	1095	1101	1100	1095	1116	1113	1147	1137	1134
45	100	985	974	950	979	966	969	956	1075	1076	1066
45	1000	917	922	915	909	894	905	907	1036	1032	1044
45	10000	895	891	875	899	885	888	871	1028	1001	1010
46	1	1172	1194	1188	1184	1185	1176	1183	1186	1191	1183
46	10	1086	1106	1109	1094	1110	1105	1114	1136	1152	1114
46	100	978	976	969	967	970	966	949	1069	1053	1050
46	1000	915	916	906	911	919	904	895	1033	1037	1009
46	10000	897	894	893	894	893	888	867	1020	1017	992
47	1	1174	1177	1180	1191	1175	1177	1179	1169	1195	1189
47	10	1100	1097	1096	1113	1094	1108	1115	1134	1141	1138
47	100	994	971	970	947	965	954	942	1066	1052	1060
47	1000	913	905	934	886	906	894	889	1038	1032	1017
47	10000	887	868	906	874	881	870	886	1030	1015	1000
48	1	1184	1179	1195	1182	1169	1189	1181	1170	1189	1169
48	10	1112	1099	1112	1098	1104	1106	1098	1145	1133	1126
48	100	986	974	977	969	957	957	946	1063	1060	1058
48	1000	915	913	913	918	901	895	899	1049	1015	1022
48	10000	904	893	894	887	880	881	859	1025	1008	998
49	1	1175	1170	1176	1181	1172	1180	1188	1189	1178	1183
49	10	1086	1094	1110	1101	1087	1098	1115	1129	1125	1140
49	100	1000	967	971	974	955	976	950	1078	1076	1064
49	1000	932	923	900	901	907	893	887	1036	1030	1024
49	10000	887	902	880	897	892	882	868	1027	1021	999
50	1	1174	1187	1185	1188	1189	1170	1179	1188	1179	1184
50	10	1086	1113	1102	1108	1108	1110	1116	1147	1144	1131
50	100	987	981	970	978	963	950	958	1075	1064	1065
50	1000	908	917	915	928	910	889	899	1041	1032	1018
50	10000	899	890	908	896	897	860	877	1032	1025	1000
51	1	1181	1184	1195	1181	1193	1159	1182	1186	1188	1179
51	10	1109	1104	1107	1098	1115	1100	1117	1145	1132	1125
51	100	990	989	983	949	948	973	951	1078	1056	1075
51	1000	911	925	913	914	889	899	892	1040	1015	1029
51	10000	890	893	906	876	883	866	879	1009	1000	1022
52	1	1180	1182	1187	1182	1182	1165	1190	1184	1179	1181
52	10	1105	1093	1106	1106	1114	1097	1117	1130	1135	1127
52	100	992	979	969	976	962	971	948	1081	1062	1050
52	1000	914	925	909	907	919	911	892	1043	1033	1002
52	10000	880	889	877	888	900	862	879	1026	1023	986
53	1	1189	1186	1196	1181	1179	1184	1185	1174	1180	1187
53	10	1097	1112	1108	1097	1108	1111	1117	1135	1131	1123
53	100	997	981	991	956	958	966	948	1072	1065	1056
53	1000	912	917	909	896	923	910	869	1041	1054	1021
53	10000	884	876	889	876	896	886	849	1034	1013	992
54	1	1186	1180	1180	1191	1195	1183	1193	1178	1180	1170
54	10	1103	1089	1108	1106	1101	1115	1127	1150	1120	1132
54	100	979	976	976	968	966	968	953	1089	1052	1045
54	1000	906	899	899	907	900	898	898	1049	1021	1003
54	10000	892	873	879	881	876	885	875	1015	1015	979
55	1	1176	1193	1185	1172	1181	1193	1191	1185	1179	1182
55	10	1101	1085	1107	1096	1104	1109	1123	1134	1138	1140
55	100	982	961	964	960	965	967	946	1085	1059	1052
55	1000	907	900	915	915	887	900	898	1047	1030	1008
55	10000	895	859	888	901	878	888	881	1022	996	1002
56	1	1179	1190	1185	1179	1192	1169	1181	1175	1176	1192
56	10	1097	1108	1101	1097	1097	1104	1115	1137	1137	1129
56	100	983	978	965	957	965	953	957	1067	1056	1041
56	1000	914	930	911	907	919	889	900	1044	1023	1013
56	10000	902	901	893	879	880	871	880	1034	1015	985
57	1	1184	1171	1184	1184	1180	1184	1192	1174	1171	1190
57	10	1092	1102	1096	1106	1105	1106	1118	1142	1131	1146
57	100	985	970	987	970	967	958	955	1076	1063	1044
57	1000	920	919	902	898	904	889	903	1058	1018	1032
57	10000	882	884	892	876	881	882	880	1041	997	1017
58	1	1176	1173	1187	1187	1179	1186	1185	1152	1184	1171
58	10	1094	1101	1113	1104	1099	1110	1109	1136	1135	1126
58	100	987	985	985	975	966	963	956	1067	1086	1054
58	1000	924	920	926	909	922	899	888	1044	1028	1026
58	10000	900	878	882	870	899	868	881	1019	1008	1011
59	1	1182	1170	1187	1181	1179	1184	1193	1189	1176	1176
59	10	1089	1093	1111	1094	1104	1109	1118	1145	1138	1131
59	100	978	971	988	971	955	956	956	1074	1075	1058
59	1000	921	914	905	896	896	917	895	1038	1025	1018
59	10000	897	905	864	878	884	892	881	1031	1015	989
60	1	1192	1164	1181	1192	1182	1183	1183	1187	1190	1182
60	10	1113	1102	1093	1113	1110	1104	1106	1122	1149	1141
60	100	985	989	973	962	976	965	958	1075	1052	1048
60	1000	914	931	897	914	900	884	871	1043	1033	1012
60	10000	885	912	893	891	883	866	856	1026	1015	998
61	1	1185	1174	1187	1179	1182	1191	1185	1159	1184	1193
61	10	1109	1110	1105	1096	1105	1116	1118	1134	1150	1139
61	100	991	996	974	974	952	964	946	1080	1060	1055
61	1000	922	928	911	928	914	899	896	1048	1041	1008
61	10000	890	899	894	915	877	878	885	1030	1012	1001
62	1	1187	1183	1186	1183	1184	1182	1184	1182	1187	1160
62	10	1095	1098	1108	1093	1103	1114	1120	1146	1129	1127
62	100	992	986	989	982	961	966	954	1073	1070	1055
62	1000	923	902	900	908	905	897	877	1050	1022	1028
62	10000	895	890	884	884	887	879	867	1018	1014	1008
63	1	1187	1181	1184	1192	1176	1174	1184	1185	1190	1185
63	10	1105	1109	1111	1110	1103	1107	1113	1140	1136	1126
63	100	994	961	977	971	973	964	962	1080	1054	1070
63	1000	922	916	904	905	910	916	886	1052	1014	1016
63	10000	906	884	875	885	891	888	879	1039	1006	998
64	1	1180	1178	1177	1176	1162	1185	1176	1194	1187	1180
64	10	1094	1106	1113	1100	1090	1109	1112	1151	1147	1130
64	100	1000	974	966	974	971	961	949	1100	1078	1042
64	1000	908	919	912	914	908	897	899	1050	1019	1004
64	10000	886	902	889	893	893	882	884	1041	1006	987
65	1	1177	1180	1183	1176	1177	1180	1175	1192	1181	1183
65	10	1097	1081	1106	1100	1097	1106	1103	1152	1123	1138
65	100	995	970	977	971	984	964	948	1094	1058	1042
65	1000	907	914	912	907	915	900	893	1066	1031	1014
65	10000	885	881	881	892	872	885	883	1020	1014	986
66	1	1192	1168	1174	1184	1190	1179	1187	1184	1180	1164
66	10	1112	1091	1086	1101	1114	1106	1114	1148	1139	1105
66	100	997	988	957	970	959	958	948	1088	1058	1053
66	1000	924	911	902	898	907	921	880	1043	1025	1025
66	10000	890	899	884	894	884	873	858	1014	1013	999
67	1	1180	1180	1163	1177	1186	1182	1185	1179	1167	1192
67	10	1103	1097	1088	1091	1102	1099	1114	1137	1130	1125
67	100	988	978	958	965	969	959	968	1090	1067	1059
67	1000	920	921	897	914	882	896	898	1056	1024	1009
67	10000	905	876	885	887	880	885	884	1026	1008	984
68	1	1183	1180	1164	1173	1185	1189	1178	1180	1186	1174
68	10	1109	1089	1092	1100	1089	1102	1107	1144	1140	1119
68	100	990	1001	967	984	961	967	956	1079	1078	1059
68	1000	922	923	909	919	921	894	902	1047	1029	1017
68	10000	880	894	888	897	888	870	879	1028	1009	992
69	1	1172	1179	1182	1182	1174	1188	1184	1162	1186	1173
69	10	1098	1105	1105	1099	1088	1109	1113	1141	1142	1131
69	100	989	994	962	982	964	965	943	1084	1065	1054
69	1000	923	908	910	890	921	900	904	1034	1026	1018
69	10000	894	902	891	882	888	863	874	1016	1005	993
70	1	1168	1178	1187	1184	1184	1192	1193	1178	1183	1184
70	10	1109	1108	1099	1101	1099	1110	1128	1139	1128	1144
70	100	1001	976	989	963	979	964	967	1081	1073	1058
70	1000	924	911	908	901	893	910	910	1054	1010	1023
70	10000	889	883	892	886	879	877	871	1039	998	1007
71	1	1179	1187	1181	1176	1191	1193	1184	1171	1176	1168
71	10	1084	1101	1104	1100	1103	1119	1114	1133	1136	1139
71	100	976	986	980	963	976	979	957	1070	1057	1074
71	1000	906	913	919	908	906	913	904	1044	1017	1018
71	10000	894	901	891	886	885	878	870	1013	1005	993
72	1	1170	1189	1177	1161	1185	1185	1182	1192	1181	1181
72	10	1080	1108	1102	1100	1109	1103	1103	1140	1126	1142
72	100	989	985	990	974	966	960	956	1085	1068	1071
72	1000	914	921	907	909	899	887	893	1040	1025	1029
72	10000	898	875	873	896	876	861	883	1016	1007	995
73	1	1182	1170	1167	1186	1183	1184	1170	1176	1179	1188
73	10	1108	1096	1091	1111	1099	1104	1111	1134	1125	1129
73	100	978	980	986	976	956	976	950	1083	1053	1034
73	1000	914	913	938	906	895	900	912	1032	1020	1006
73	10000	883	891	887	885	892	876	873	1024	1009	989
74	1	1183	1185	1189	1182	1183	1196	1183	1181	1177	1178
74	10	1094	1113	1111	1106	1112	1124	1102	1161	1126	1127
74	100	989	980	969	970	959	958	946	1106	1075	1049
74	1000	908	900	919	889	914	894	901	1062	1035	1017
74	10000	892	877	904	869	883	880	871	1033	1012	997
75	1	1180	1174	1176	1183	1189	1189	1186	1179	1182	1184
75	10	1107	1102	1101	1094	1116	1106	1108	1135	1139	1133
75	100	975	992	951	971	957	967	943	1093	1059	1077
75	1000	915	924	905	913	918	899	889	1054	1033	1025
75	10000	883	880	884	873	895	873	882	1026	1022	1010
76	1	1186	1173	1182	1182	1179	1182	1177	1173	1175	1184
76	10	1101	1103	1112	1112	1109	1095	1105	1133	1121	1129
76	100	993	977	973	969	962	960	940	1087	1051	1048
76	1000	913	914	895	921	903	895	899	1052	1019	1003
76	10000	878	896	877	907	891	883	874	1040	1002	992
77	1	1188	1184	1179	1177	1189	1188	1187	1192	1178	1176
77	10	1106	1096	1102	1104	1112	1107	1115	1151	1147	1129
77	100	976	987	975	981	958	972	957	1087	1064	1052
77	1000	903	928	908	894	917	896	888	1051	1052	1005
77	10000	873	896	894	875	883	866	874	1034	1002	998
78	1	1177	1183	1169	1178	1187	1190	1187	1189	1185	1172
78	10	1101	1109	1093	1100	1109	1114	1109	1148	1141	1139
78	100	980	987	969	987	968	966	950	1064	1065	1066
78	1000	882	898	906	901	909	924	892	1050	1028	1028
78	10000	878	892	894	880	876	890	861	1004	1012	984
79	1	1170	1184	1189	1177	1183	1195	1191	1182	1190	1184
79	10	1093	1103	1105	1106	1095	1128	1117	1147	1133	1114
79	100	985	971	977	972	973	972	952	1071	1058	1048
79	1000	910	898	902	906	912	896	896	1045	1022	1027
79	10000	892	876	894	882	884	884	878	1009	1012	996
80	1	1174	1174	1174	1182	1184	1180	1169	1189	1176	1190
80	10	1117	1102	1097	1111	1100	1107	1105	1142	1132	1133
80	100	992	1002	969	969	949	978	938	1079	1057	1058
80	1000	926	916	916	921	894	906	884	1060	1009	999
80	10000	889	896	898	903	877	884	861	1019	1003	983
81	1	1167	1174	1186	1151	1174	1190	1184	1182	1181	1172
81	10	1099	1101	1108	1079	1103	1115	1116	1148	1129	1120
81	100	992	983	970	963	964	964	950	1067	1057	1068
81	1000	920	911	924	916	917	897	890	1044	1016	1016
81	10000	890	889	903	894	901	867	884	1027	1005	1005
82	1	1184	1179	1187	1182	1180	1182	1188	1182	1162	1194
82	10	1098	1103	1120	1096	1109	1109	1120	1125	1117	1136
82	100	982	987	979	967	962	960	941	1075	1055	1060
82	1000	938	924	898	889	896	899	917	1031	1035	1024
82	10000	895	888	886	882	884	898	891	1024	1019	995
83	1	1166	1172	1168	1183	1170	1189	1188	1193	1185	1171
83	10	1106	1097	1086	1103	1100	1115	1129	1155	1136	1116
83	100	982	988	971	976	968	957	970	1066	1069	1067
83	1000	925	914	908	920	905	898	899	1043	1016	1017
83	10000	900	881	889	904	893	883	881	1027	1003	1007
84	1	1177	1181	1184	1186	1183	1173	1187	1178	1175	1182
84	10	1097	1108	1099	1105	1109	1108	1125	1142	1119	1117
84	100	983	985	971	975	960	957	953	1082	1063	1059
84	1000	921	929	917	913	910	900	889	1065	1028	1022
84	10000	892	886	893	901	863	885	875	1025	1022	991
85	1	1178	1168	1184	1174	1174	1183	1183	1188	1189	1174
85	10	1102	1097	1105	1099	1102	1113	1112	1143	1125	1123
85	100	983	968	960	976	957	989	940	1063	1059	1057
85	1000	920	924	906	914	901	895	884	1032	1028	1021
85	10000	901	889	888	889	891	885	873	1012	1010	1002
86	1	1178	1180	1167	1163	1169	1182	1185	1174	1181	1177
86	10	1100	1101	1093	1103	1097	1115	1113	1133	1141	1139
86	100	985	995	969	972	952	962	964	1074	1080	1074
86	1000	908	913	899	909	918	919	901	1046	1040	1029
86	10000	881	879	891	881	887	886	884	1029	1014	989
87	1	1168	1176	1189	1181	1174	1173	1188	1186	1181	1196
87	10	1090	1096	1099	1097	1109	1114	1101	1133	1131	1123
87	100	974	978	985	988	978	961	938	1075	1074	1063
87	1000	894	909	904	902	897	892	896	1044	1028	1006
87	10000	880	868	875	880	870	871	872	1029	1026	991
88	1	1184	1175	1184	1182	1172	1183	1181	1187	1176	1184
88	10	1099	1104	1101	1099	1097	1111	1111	1139	1134	1137
88	100	981	989	972	965	972	972	942	1076	1075	1059
88	1000	917	918	909	901	898	899	891	1042	1037	1024
88	10000	895	879	889	897	888	888	870	1026	1021	995
89	1	1184	1190	1185	1178	1176	1173	1190	1173	1170	1169
89	10	1090	1109	1111	1088	1093	1105	1119	1141	1133	1127
89	100	997	986	981	963	965	979	970	1105	1063	1053
89	1000	908	910	899	904	897	909	903	1042	1021	1003
89	10000	899	894	888	887	884	882	895	1020	1010	986
90	1	1174	1173	1187	1175	1175	1186	1184	1168	1188	1182
90	10	1105	1083	1094	1096	1098	1115	1126	1129	1132	1126
90	100	995	970	982	975	971	973	949	1088	1049	1051
90	1000	924	905	907	888	908	916	895	1056	1030	1007
90	10000	896	876	895	875	891	897	864	1023	1014	996
91	1	1175	1180	1180	1177	1183	1171	1187	1177	1183	1162
91	10	1116	1095	1103	1105	1099	1106	1108	1134	1133	1110
91	100	994	979	976	958	964	952	950	1078	1064	1055
91	1000	918	913	916	891	911	899	893	1053	1033	1016
91	10000	888	893	894	876	905	875	890	1031	1012	986
92	1	1165	1177	1175	1181	1178	1169	1179	1164	1187	1174
92	10	1098	1098	1098	1099	1106	1098	1115	1123	1141	1119
92	100	988	983	985	965	951	962	955	1075	1084	1053
92	1000	922	919	908	914	896	882	886	1049	1041	1017
92	10000	902	900	881	897	887	857	876	1024	994	981
93	1	1171	1185	1178	1165	1186	1187	1179	1178	1183	1183
93	10	1095	1105	1096	1100	1101	1113	1107	1135	1136	1128
93	100	988	976	989	974	950	970	945	1075	1054	1074
93	1000	908	917	916	909	899	891	898	1046	1026	1038
93	10000	892	896	900	883	863	866	885	1029	1015	994
94	1	1170	1181	1181	1171	1178	1189	1185	1183	1181	1162
94	10	1093	1111	1113	1091	1102	1118	1116	1147	1128	1120
94	100	997	1000	975	966	953	968	968	1073	1064	1070
94	1000	922	908	915	890	904	902	892	1047	1039	1013
94	10000	906	881	870	887	877	889	879	1029	1017	994
95	1	1152	1183	1184	1185	1189	1178	1147	1174	1153	1175
95	10	1087	1110	1106	1115	1107	1102	1081	1147	1114	1125
95	100	988	979	981	965	964	961	954	1082	1053	1045
95	1000	912	904	918	903	902	898	896	1038	1010	1024
95	10000	902	876	885	881	896	882	865	1027	1002	1004
96	1	1175	1187	1176	1188	1192	1177	1172	1186	1180	1178
96	10	1105	1112	1091	1108	1120	1095	1108	1158	1127	1121
96	100	986	984	978	965	968	962	955	1078	1057	1057
96	1000	908	923	908	911	909	896	890	1038	1028	1015
96	10000	872	875	891	890	878	875	884	1017	1012	990
97	1	1179	1186	1183	1182	1182	1194	1179	1184	1185	1173
97	10	1089	1108	1114	1111	1108	1112	1112	1131	1144	1129
97	100	996	987	982	967	974	954	951	1070	1069	1066
97	1000	923	910	918	907	902	900	899	1036	1027	1013
97	10000	874	864	899	891	886	877	891	1016	1010	998
98	1	1178	1167	1183	1198	1172	1180	1171	1194	1168	1182
98	10	1099	1092	1110	1124	1094	1104	1112	1161	1133	1130
98	100	990	970	969	964	978	962	958	1079	1057	1061
98	1000	914	918	914	913	908	910	892	1046	1020	1021
98	10000	907	883	901	900	886	872	870	1014	1013	998
99	1	1179	1175	1184	1186	1192	1177	1181	1188	1187	1165
99	10	1092	1100	1098	1113	1118	1102	1111	1140	1140	1111
99	100	986	979	972	951	951	962	952	1085	1061	1050
99	1000	915	914	915	910	908	907	898	1041	1029	1008
99	10000	904	889	884	895	900	881	891	1031	1002	994
100	1	1157	1191	1177	1168	1185	1185	1186	1185	1183	1181
100	10	1102	1106	1095	1095	1105	1104	1114	1161	1144	1114
100	100	976	990	972	973	971	976	946	1087	1058	1063
100	1000	903	914	923	909	909	902	898	1048	1043	1016
100	10000	892	880	895	871	891	895	869	1029	1032	987
