Instance	Evaluations	Cycle(8)	Cycle(7)	Cycle(6)	Cycle(5)	Cycle(4)	Cycle(3)	Swap	Insertion	Reversal	Scramble
1	100	6350128	6346871	6368402	6346708	6353868	6381796	6346650	6373653	6378024	6402049
1	1000	6289152	6291898	6276963	6272383	6240354	6244852	6249073	6354645	6344306	6353949
1	10000	6211241	6193836	6173797	6182510	6170788	6156298	6120760	6300290	6300857	6298566
1	100000	6134920	6144317	6126823	6134808	6087368	6083415	6070542	6248006	6222987	6237569
1	1000000	6096760	6082200	6073836	6064722	6064170	6041100	6032534	6226456	6190248	6175349
2	100	6342345	6349003	6341053	6352497	6326262	6349257	6336564	6370360	6379496	6371186
2	1000	6274937	6285104	6254759	6252596	6255410	6250787	6252308	6350593	6338245	6328764
2	10000	6188331	6183982	6179056	6143425	6148342	6135527	6124209	6278858	6269634	6257609
2	100000	6131642	6100063	6110530	6102751	6082048	6080737	6034476	6256203	6234118	6198204
2	1000000	6075903	6077793	6060159	6055842	6036590	6029239	6016571	6194470	6183286	6164090
3	100	6431356	6407741	6429528	6440419	6419890	6417937	6409092	6482156	6453181	6457113
3	1000	6363676	6323361	6350894	6329970	6336240	6313710	6314235	6433210	6431828	6415683
3	10000	6267459	6262158	6272793	6257554	6234709	6236729	6216996	6360171	6354328	6355525
3	100000	6203022	6191310	6191278	6197339	6179324	6156218	6148199	6319744	6309721	6308345
3	1000000	6144723	6163735	6159315	6148479	6130970	6138254	6120210	6273560	6275656	6280961
4	100	6373595	6348079	6378069	6345001	6355493	6400256	6353558	6421975	6409133	6392847
4	1000	6327781	6290525	6313148	6281518	6285453	6266417	6255846	6365874	6380409	6377141
4	10000	6215029	6220952	6216453	6220418	6193104	6177467	6164452	6316441	6318215	6311546
4	100000	6153344	6146361	6147560	6152115	6118227	6108418	6090586	6267741	6274834	6244310
4	1000000	6103065	6105713	6105652	6088035	6088187	6079583	6075246	6245510	6205973	6213139
5	100	6387528	6390503	6409600	6398932	6372671	6426194	6387826	6419874	6443209	6447179
5	1000	6310380	6313155	6321548	6301757	6317012	6293344	6269525	6411609	6403254	6409711
5	10000	6223430	6216861	6229870	6218666	6190624	6215454	6167769	6355492	6323054	6310418
5	100000	6179102	6158341	6171392	6131855	6132627	6119197	6102052	6279108	6263291	6277973
5	1000000	6136187	6120495	6118025	6111189	6100901	6099977	6065823	6260033	6242765	6226057
6	100	6338178	6319366	6316846	6331788	6316622	6344530	6333436	6392148	6378443	6378287
6	1000	6258756	6269850	6260505	6239017	6235377	6242267	6224541	6343305	6355855	6312800
6	10000	6199910	6179491	6183484	6158051	6140808	6133488	6133247	6286489	6292932	6273117
6	100000	6115873	6110288	6126378	6093433	6090744	6071582	6029332	6220491	6205887	6200515
6	1000000	6085338	6042799	6047798	6060923	6050415	6008474	6035216	6164649	6167403	6182975
7	100	6390363	6405525	6341755	6387803	6358478	6358267	6376270	6399701	6394083	6398102
7	1000	6301004	6306675	6289798	6255032	6267367	6267876	6261699	6393347	6368397	6353672
7	10000	6204178	6197907	6186763	6172079	6178690	6173117	6141964	6312103	6299673	6281737
7	100000	6150944	6124091	6126698	6119840	6119523	6100139	6082988	6263677	6220861	6232237
7	1000000	6089964	6096907	6094770	6079012	6074679	6066311	6041730	6219345	6209478	6189930
8	100	6362370	6373359	6326907	6337733	6353156	6322388	6342696	6388280	6383761	6383483
8	1000	6267460	6239396	6280749	6259706	6261676	6249422	6224487	6357338	6349100	6353553
8	10000	6196585	6164928	6204963	6169460	6166707	6146648	6121573	6314722	6271164	6266988
8	100000	6133438	6120510	6113734	6130771	6081143	6069360	6046944	6244957	6221354	6195865
8	1000000	6079747	6072829	6087738	6050880	6031506	6033984	6026618	6207558	6181577	6172905
9	100	6269712	6265431	6284273	6272946	6255407	6259729	6261248	6293797	6302804	6298625
9	1000	6180123	6197335	6179496	6166564	6179685	6178312	6154532	6266962	6243493	6272461
9	10000	6100712	6098322	6098288	6089796	6072918	6061408	6070819	6206408	6202054	6167392
9	100000	6049813	6056458	6015882	6012911	5992564	5987665	5994652	6139892	6130396	6117463
9	1000000	5991939	6007333	5983252	5972396	5952411	5956565	5955421	6130681	6088407	6089732
10	100	6320431	6320181	6337875	6330106	6307098	6310130	6308342	6379673	6372489	6381747
10	1000	6246234	6241680	6228157	6268060	6228450	6234644	6212669	6349086	6324571	6321787
10	10000	6197489	6166120	6151377	6145804	6137600	6138247	6112860	6269774	6271797	6257987
10	100000	6106096	6111751	6101657	6077626	6047266	6059578	6059160	6220537	6201998	6195948
10	1000000	6067533	6054476	6042544	6043396	6035322	6029730	6019635	6179112	6163628	6153017
11	100	6332046	6290454	6295317	6326867	6302562	6294470	6285807	6347675	6351030	6357217
11	1000	6226115	6250650	6229786	6227869	6207495	6220956	6207013	6300965	6315340	6306261
11	10000	6145373	6157406	6148524	6160685	6124123	6146983	6100320	6277481	6225843	6267328
11	100000	6085299	6097615	6087240	6069745	6063364	6045013	6013871	6194073	6173055	6190150
11	1000000	6039545	6034989	6046496	6036068	6028925	6020803	6002471	6172096	6161683	6154292
12	100	6391168	6393753	6378987	6397191	6399706	6402971	6384378	6448975	6444104	6429032
12	1000	6291523	6320702	6305989	6316236	6314066	6265030	6271553	6391156	6371746	6383275
12	10000	6213049	6232238	6231545	6228861	6195798	6176826	6176282	6346412	6316863	6327933
12	100000	6163748	6144923	6157181	6126470	6134080	6112991	6103336	6293963	6257471	6279072
12	1000000	6121673	6123328	6113970	6113003	6094763	6097007	6051340	6270260	6217866	6235789
13	100	6309992	6311847	6297377	6327695	6309442	6314083	6320867	6346542	6345504	6336252
13	1000	6240779	6244030	6242676	6219748	6214173	6206609	6218216	6308009	6327061	6302756
13	10000	6153317	6155546	6164796	6149408	6119048	6098039	6082204	6267973	6282416	6228326
13	100000	6104071	6068533	6070587	6068957	6076724	6049451	6035980	6212033	6184222	6182257
13	1000000	6026725	6045506	6029884	6013292	6026207	5993862	5994857	6169308	6160908	6141899
14	100	6277618	6302627	6311400	6332081	6325026	6304502	6274944	6338354	6348320	6337597
14	1000	6263624	6221412	6242993	6227477	6214129	6193363	6219253	6324385	6294724	6291582
14	10000	6157335	6157949	6148685	6143442	6123420	6106756	6085160	6261251	6238525	6246789
14	100000	6070944	6087803	6067484	6061987	6052543	6040449	6027984	6192415	6182415	6187435
14	1000000	6024182	6048465	6035536	6019103	6026759	6001483	5991922	6176264	6150667	6147663
15	100	6332726	6323982	6346516	6347746	6382499	6302092	6366514	6378996	6360049	6383073
15	1000	6267894	6286110	6271865	6266337	6246427	6238976	6223677	6357800	6347746	6324666
15	10000	6210659	6183909	6169517	6172309	6145804	6148174	6126605	6269941	6275600	6252840
15	100000	6129789	6094743	6113092	6088436	6076768	6085809	6044891	6239948	6212850	6198693
15	1000000	6064033	6072149	6051985	6067996	6038075	6046272	6024809	6197720	6178633	6173120
16	100	6272943	6271234	6266072	6261911	6266665	6260497	6242074	6300729	6308003	6301508
16	1000	6184701	6178340	6205614	6175177	6182881	6161250	6142554	6236541	6250077	6246354
16	10000	6112106	6105716	6090812	6088794	6065718	6053952	6064994	6233762	6202374	6184835
16	100000	6030737	6039165	6042238	6022056	6012648	5995607	5979920	6152316	6120878	6153507
16	1000000	6004821	5996946	5986471	5966114	5959082	5963002	5953797	6120465	6107647	6101289
17	100	6324179	6297861	6305126	6309215	6288342	6299046	6274975	6356228	6313609	6342228
17	1000	6232646	6244328	6226699	6231296	6207752	6212488	6184585	6306342	6307405	6297506
17	10000	6157158	6151696	6155892	6152877	6111631	6110261	6090389	6270443	6242914	6232071
17	100000	6105816	6078451	6081914	6067723	6056433	6052560	6017989	6184547	6169744	6167035
17	1000000	6035347	6019531	6027814	6021625	6003170	6005508	5992606	6159403	6128027	6148350
18	100	6333232	6352663	6339027	6348177	6343886	6324831	6351106	6358047	6364121	6370427
18	1000	6275347	6280952	6267912	6257504	6220655	6224383	6229927	6331160	6327966	6341857
18	10000	6193691	6180671	6158455	6142121	6165232	6148479	6115402	6277245	6271157	6253236
18	100000	6112303	6112731	6093393	6113109	6082395	6068475	6042076	6217603	6211315	6199320
18	1000000	6069131	6073186	6064562	6050678	6036518	6033950	6018136	6216991	6159761	6176133
19	100	6332670	6338512	6338568	6333309	6354224	6327378	6319690	6363890	6373888	6369549
19	1000	6273038	6265379	6283647	6251142	6223625	6218591	6209514	6350405	6321341	6338189
19	10000	6171241	6176931	6157778	6162528	6145913	6141125	6122885	6308282	6265850	6260579
19	100000	6115043	6120045	6109904	6103828	6094905	6086774	6052625	6227046	6228408	6219006
19	1000000	6069223	6067602	6061575	6056446	6036889	6033189	6020303	6197887	6185945	6189460
20	100	6305449	6281245	6277111	6262484	6283190	6275937	6263741	6336010	6322943	6346573
20	1000	6216621	6207670	6211511	6206751	6192566	6182066	6184928	6288230	6272690	6284582
20	10000	6115433	6118498	6136438	6125340	6102339	6098871	6081624	6253440	6225858	6218459
20	100000	6054106	6059635	6064620	6049186	6019624	6019915	6001623	6179649	6169966	6164855
20	1000000	6022983	6021353	5999094	5987557	6007865	5984748	5984895	6150984	6131535	6123375
21	100	6414943	6405072	6405215	6406765	6389918	6371234	6375950	6459399	6432318	6433495
21	1000	6332157	6335513	6314196	6313550	6312949	6337335	6309963	6407749	6408252	6394558
21	10000	6244765	6259687	6249932	6218264	6231414	6233221	6175014	6340930	6357520	6337047
21	100000	6189867	6188836	6173660	6170303	6145189	6145101	6130643	6303462	6268207	6292982
21	1000000	6128919	6126654	6146203	6123106	6108615	6099463	6101780	6256104	6246180	6229314
22	100	6342977	6359472	6359055	6352581	6354230	6345967	6371272	6392201	6413538	6410177
22	1000	6299762	6270074	6278142	6298806	6277751	6262073	6280843	6374928	6352450	6336554
22	10000	6207889	6205631	6180765	6191908	6174801	6157119	6144850	6288369	6289956	6272812
22	100000	6137378	6140895	6096241	6108205	6095980	6090065	6080492	6257841	6223604	6231295
22	1000000	6090925	6088937	6094320	6078340	6079654	6060670	6054355	6219330	6199227	6202457
23	100	6288945	6261187	6268572	6305383	6308882	6253854	6290733	6315457	6325722	6303698
23	1000	6176341	6184390	6169840	6197921	6189658	6159872	6183481	6291843	6281515	6275671
23	10000	6116851	6102292	6101687	6105004	6092105	6071765	6076246	6243854	6201628	6208087
23	100000	6060635	6039049	6046538	6017905	6030070	6004000	5999462	6168377	6148798	6130908
23	1000000	6006791	6014042	5991414	5980056	5961394	5975677	5949907	6134573	6110303	6101643
24	100	6426663	6433955	6407070	6395318	6404676	6422261	6417904	6450224	6454638	6447230
24	1000	6331731	6341096	6343943	6323529	6331797	6320110	6285643	6412906	6386069	6417386
24	10000	6276384	6236643	6241643	6237420	6211715	6212624	6187455	6350524	6372474	6334846
24	100000	6199172	6201989	6183528	6173263	6166333	6146369	6131793	6282528	6301966	6253982
24	1000000	6152040	6156127	6115662	6127444	6094603	6106076	6090953	6265978	6250197	6231077
25	100	6326023	6322380	6307646	6282582	6314726	6280612	6296438	6349380	6352340	6330175
25	1000	6228939	6243426	6216040	6236492	6250083	6196314	6186627	6331862	6309774	6323802
25	10000	6156475	6168709	6149749	6126910	6130257	6116584	6107040	6249027	6235016	6244255
25	100000	6089849	6090265	6076719	6054773	6042052	6050322	6006276	6192259	6197949	6169719
25	1000000	6039769	6050177	6024160	6012879	6000684	6011429	5984688	6172043	6154797	6150140
26	100	6377312	6387962	6387076	6381040	6400975	6397694	6374474	6435993	6422152	6413701
26	1000	6317099	6310404	6308497	6307091	6299935	6281735	6274999	6391525	6380558	6393321
26	10000	6241347	6223473	6233320	6201832	6207791	6194327	6159439	6329878	6323054	6341574
26	100000	6166505	6134774	6142255	6163493	6115375	6125283	6101958	6279946	6271763	6244591
26	1000000	6118410	6115944	6105699	6093664	6095775	6091312	6077187	6247573	6224592	6221230
27	100	6377255	6340667	6361031	6339322	6330123	6344682	6320420	6387518	6355394	6380696
27	1000	6276026	6268799	6260084	6234818	6264667	6249582	6233644	6349330	6338831	6352725
27	10000	6179636	6179022	6168867	6151364	6133681	6127416	6122807	6272501	6287586	6257517
27	100000	6123486	6111080	6104537	6108153	6091678	6079722	6063294	6217096	6219940	6229321
27	1000000	6095283	6056629	6061820	6058251	6060537	6046313	6033776	6204030	6178994	6164105
28	100	6309567	6335786	6338783	6321590	6319559	6311415	6302944	6377774	6322218	6349924
28	1000	6251209	6237882	6227748	6226964	6211821	6218215	6198612	6307760	6298460	6326079
28	10000	6162349	6175370	6127404	6145828	6131375	6129524	6102319	6252163	6240576	6240634
28	100000	6088023	6073913	6090135	6078321	6050277	6057073	6033753	6205347	6185488	6199780
28	1000000	6062610	6048631	6039180	6029236	6006554	6006923	6003114	6172318	6172268	6128364
29	100	6286154	6300441	6308601	6299049	6300917	6313254	6304053	6345115	6343152	6323250
29	1000	6254667	6231705	6237915	6212489	6204716	6208247	6182997	6317896	6296169	6299129
29	10000	6161233	6152433	6118523	6147945	6135495	6121861	6096825	6268637	6234959	6222743
29	100000	6082885	6072041	6071220	6067587	6038316	6038741	6038403	6209756	6162799	6181832
29	1000000	6049759	6036975	6029181	6020782	6017481	5991667	5984280	6152463	6155972	6139540
30	100	6414300	6404403	6403741	6459986	6420083	6437128	6414337	6459165	6477366	6464471
30	1000	6362328	6356930	6349182	6320000	6323850	6328873	6313490	6428661	6423309	6453269
30	10000	6295401	6268698	6276592	6265511	6231402	6213907	6213438	6381613	6365455	6354024
30	100000	6203640	6233651	6184127	6201988	6198700	6177934	6151626	6327971	6299446	6292340
30	1000000	6165737	6142994	6157131	6134492	6131437	6126731	6107269	6292222	6266457	6254616
31	100	6332754	6291822	6283148	6272735	6301369	6298206	6267626	6320388	6326335	6316999
31	1000	6213553	6205720	6227386	6212941	6196399	6209104	6211937	6288567	6276912	6288391
31	10000	6134436	6101714	6093577	6118633	6121940	6093296	6065855	6242077	6228215	6219471
31	100000	6062708	6073086	6049865	6045200	6026933	6042571	6012232	6183605	6164148	6164904
31	1000000	6040281	6018678	6013333	5979205	5999132	5982225	5972323	6146493	6122235	6132204
32	100	6405367	6383261	6373115	6351861	6386728	6368066	6397693	6419659	6422422	6431888
32	1000	6310126	6302116	6302949	6298239	6286437	6280751	6287236	6397090	6374011	6354905
32	10000	6238161	6234909	6198183	6206916	6175500	6171314	6172716	6339209	6324712	6316592
32	100000	6175376	6167519	6148707	6138250	6126952	6130228	6099523	6273819	6276339	6286843
32	1000000	6131045	6116205	6106219	6109008	6079765	6081620	6059476	6237762	6218509	6209383
33	100	6352149	6358787	6379252	6352358	6321530	6330802	6298096	6379938	6395652	6399681
33	1000	6282790	6279940	6277350	6265572	6281196	6247757	6243413	6366764	6349101	6337806
33	10000	6205458	6188211	6184675	6180265	6179699	6150376	6134545	6301444	6291619	6281044
33	100000	6112561	6124923	6108710	6100788	6080206	6087232	6067370	6251506	6209639	6234442
33	1000000	6079965	6098686	6090273	6078751	6055438	6061343	6041123	6211821	6197105	6173782
34	100	6362517	6376446	6358609	6344473	6337198	6318904	6319770	6403323	6370481	6373986
34	1000	6300257	6283302	6283760	6286814	6253880	6257453	6247409	6384352	6346077	6361460
34	10000	6195735	6199657	6213719	6180403	6190074	6162970	6142895	6305350	6288554	6304113
34	100000	6125322	6122988	6148551	6102563	6111439	6106742	6080553	6256526	6241075	6223652
34	1000000	6100521	6087393	6067815	6073055	6049554	6050675	6028013	6230124	6181317	6211917
35	100	6311652	6358531	6334439	6324879	6311601	6358591	6309222	6364837	6366055	6348832
35	1000	6271722	6266773	6264827	6231803	6225545	6235013	6220085	6322345	6340496	6339858
35	10000	6174501	6178227	6175419	6156494	6141945	6133892	6103748	6300758	6243718	6268466
35	100000	6112038	6085793	6088797	6077495	6089074	6060931	6048244	6226261	6210782	6200906
35	1000000	6052445	6071110	6051185	6050627	6039838	6017716	6011718	6190062	6158017	6169230
36	100	6281681	6267418	6251262	6257685	6243033	6250773	6238700	6307927	6288979	6285847
36	1000	6182962	6176860	6197378	6195779	6152958	6160015	6142769	6255783	6251506	6249085
36	10000	6104741	6113828	6064259	6103406	6090850	6075353	6056374	6208222	6198746	6191427
36	100000	6043557	6033381	6004489	6025850	6009552	6001411	5980671	6163397	6125645	6137594
36	1000000	6002284	5995109	5990829	5979202	5970691	5963876	5946555	6112574	6090914	6089409
37	100	6242849	6236667	6256869	6304630	6273089	6226858	6241433	6297476	6295242	6280124
37	1000	6194174	6174645	6175951	6183014	6174994	6173437	6165031	6245757	6245575	6266161
37	10000	6113413	6101686	6066044	6064150	6070838	6055715	6055382	6214400	6199395	6194965
37	100000	6045238	6021405	6025914	6021896	6013228	5998221	5984438	6144299	6128839	6125765
37	1000000	5999455	5988553	5996149	5986056	5972182	5952975	5947724	6105182	6113299	6101141
38	100	6322549	6314391	6317477	6334587	6330226	6315215	6321289	6369975	6360735	6346431
38	1000	6232249	6273063	6250375	6245040	6230900	6194557	6237619	6333859	6319958	6308850
38	10000	6153778	6165618	6177541	6147131	6121723	6114807	6119680	6293804	6244989	6265675
38	100000	6106406	6096682	6106400	6072254	6087210	6068216	6057061	6227768	6198766	6203937
38	1000000	6059581	6050754	6041427	6040432	6039982	6020300	6000638	6182725	6184589	6166889
39	100	6315237	6311286	6322419	6314843	6327709	6327436	6321933	6386700	6380176	6374264
39	1000	6255136	6261341	6252637	6238450	6222618	6241401	6233457	6331700	6339831	6334734
39	10000	6149919	6168803	6172642	6148961	6157097	6123458	6101774	6290393	6279925	6286086
39	100000	6092797	6101263	6103128	6080859	6063766	6088146	6046862	6211508	6210453	6215129
39	1000000	6075128	6057944	6057323	6047946	6031338	6026133	6029347	6203733	6168308	6183160
40	100	6281196	6290527	6289455	6270940	6258370	6245986	6248663	6301967	6304155	6317219
40	1000	6201067	6215592	6208234	6173995	6179092	6171538	6158042	6283659	6284522	6263801
40	10000	6122640	6126859	6100071	6088451	6085205	6089782	6065750	6237359	6211189	6230304
40	100000	6051687	6048667	6018341	6045079	6018169	5994435	5979947	6192568	6159053	6136725
40	1000000	5994458	6002828	5986308	5998924	5988173	5962180	5944337	6134049	6112913	6115443
41	100	6344174	6316642	6338886	6328267	6317806	6324391	6313669	6372797	6383336	6371454
41	1000	6256258	6260085	6245635	6276428	6239444	6231542	6202328	6335713	6338936	6341868
41	10000	6180700	6156736	6158177	6178519	6128236	6113934	6100287	6304138	6257257	6256815
41	100000	6102600	6118316	6084627	6088441	6089640	6061696	6057258	6219359	6219984	6202837
41	1000000	6065711	6053376	6053688	6043763	6030244	6018051	6018460	6211214	6182994	6153143
42	100	6402351	6397763	6383643	6384369	6388109	6379678	6386533	6421856	6418018	6413508
42	1000	6286785	6289390	6311795	6306535	6296072	6271277	6276870	6412247	6371241	6367769
42	10000	6248309	6204478	6197238	6207262	6194873	6206788	6166676	6324183	6302197	6321167
42	100000	6153086	6144261	6139965	6167661	6120935	6110883	6109738	6279967	6281737	6260798
42	1000000	6112867	6116088	6102077	6108320	6074681	6093990	6047091	6233605	6214208	6229897
43	100	6354760	6349300	6302697	6340829	6302752	6348010	6309066	6378136	6378813	6391224
43	1000	6258197	6265723	6246490	6272140	6270599	6239563	6223531	6339460	6332842	6339530
43	10000	6180785	6180662	6174122	6155035	6167266	6145186	6144612	6272072	6270452	6278378
43	100000	6120587	6096395	6095251	6105190	6076702	6081249	6056719	6203646	6212297	6202139
43	1000000	6067973	6070498	6059874	6054643	6045657	6023497	6017132	6197487	6167048	6179527
44	100	6280553	6284586	6276590	6249949	6244801	6289625	6261556	6312389	6326149	6327416
44	1000	6198646	6210055	6205394	6189375	6172801	6169552	6175234	6258166	6283801	6260496
44	10000	6122310	6122888	6100446	6106628	6083798	6098457	6067840	6210762	6228135	6212337
44	100000	6051860	6034002	6065732	6027126	6025040	6003953	5998865	6175455	6152676	6144327
44	1000000	5999150	6010248	6008926	5990306	5979117	5975349	5954711	6149176	6120988	6124847
45	100	6373866	6366695	6330561	6369034	6381049	6345888	6356935	6416580	6410175	6393768
45	1000	6270530	6265759	6266905	6290295	6268770	6243500	6240330	6375825	6382687	6359032
45	10000	6197538	6193400	6184132	6190078	6187673	6144770	6135436	6309743	6277202	6325378
45	100000	6128326	6134012	6094214	6114405	6109438	6094206	6070610	6232363	6230865	6230790
45	1000000	6093822	6086226	6087996	6066516	6057767	6054872	6020920	6221296	6166485	6182709
46	100	6299003	6293763	6294766	6285051	6295295	6289783	6280829	6336858	6331236	6343746
46	1000	6228307	6239072	6223356	6175600	6213710	6201650	6199720	6297209	6282176	6298314
46	10000	6133913	6137639	6128796	6112400	6115084	6100272	6060861	6271568	6230683	6214421
46	100000	6060277	6072801	6047124	6051970	6036493	6044352	6014851	6197370	6184798	6153230
46	1000000	6042855	6044465	6007953	5996064	6006531	6001366	5975753	6150552	6144426	6121624
47	100	6433029	6442925	6413000	6401940	6437071	6437419	6398524	6444905	6446558	6465467
47	1000	6364684	6353795	6351345	6331018	6353008	6299219	6339683	6417746	6424731	6422824
47	10000	6287341	6272857	6286234	6249798	6252003	6256341	6217085	6384812	6374744	6367876
47	100000	6194323	6200513	6178226	6184896	6179641	6161267	6146070	6341673	6296659	6281923
47	1000000	6175245	6147897	6157844	6134766	6130453	6110080	6119240	6283076	6264373	6260346
48	100	6353577	6332221	6341633	6307922	6349607	6348161	6315856	6374182	6371947	6378587
48	1000	6279609	6261316	6261357	6253226	6230918	6215990	6244036	6316230	6335112	6322475
48	10000	6190742	6179766	6156396	6174098	6148054	6150694	6130361	6307086	6261134	6274175
48	100000	6105406	6126788	6112112	6093153	6079562	6075534	6063962	6231112	6210235	6220848
48	1000000	6069240	6078714	6060328	6052658	6057049	6041930	6031509	6203656	6183947	6160200
49	100	6397017	6371682	6348203	6412295	6375092	6361847	6380018	6396640	6396188	6380726
49	1000	6295175	6283402	6282552	6271940	6282601	6269538	6252967	6392891	6368199	6375954
49	10000	6215405	6209849	6196367	6193722	6171312	6177567	6155182	6307374	6309044	6296633
49	100000	6127969	6143730	6138957	6112463	6115804	6132628	6078310	6235254	6244357	6227209
49	1000000	6097319	6098927	6098651	6085535	6081590	6077535	6057977	6231408	6206663	6212050
50	100	6288819	6289542	6294219	6281326	6307936	6258787	6274657	6329635	6325183	6322030
50	1000	6207529	6195651	6191824	6206589	6189213	6186016	6178107	6288868	6271428	6270095
50	10000	6125695	6124963	6125423	6118995	6108352	6093421	6073385	6243753	6204612	6218365
50	100000	6073251	6044407	6048758	6034888	6053187	6011465	5986902	6207699	6174105	6169628
50	1000000	6021325	6022773	6011997	6003350	6006739	5992569	5973211	6150075	6117152	6134126
51	100	6321414	6312789	6276862	6295514	6283125	6281436	6336714	6340726	6319962	6345185
51	1000	6224260	6211560	6217973	6223857	6209394	6190231	6184002	6308912	6316203	6280354
51	10000	6137501	6163496	6129035	6116882	6110194	6091916	6095752	6266194	6249799	6224796
51	100000	6073191	6074310	6077383	6054197	6049090	6028675	6013848	6198570	6172003	6183382
51	1000000	6043937	6035866	6017600	6008484	6010191	6007836	5983045	6167577	6154669	6143641
52	100	6354807	6401375	6345170	6384102	6348344	6362232	6357929	6407675	6389646	6405644
52	1000	6290946	6293178	6265294	6272374	6272776	6254204	6234486	6341303	6367985	6368988
52	10000	6208264	6208210	6186429	6196797	6159053	6186088	6154963	6296568	6284820	6300425
52	100000	6144773	6144529	6118572	6092519	6105612	6105263	6076032	6262737	6225378	6248727
52	1000000	6105643	6094838	6072705	6087237	6081548	6071029	6039564	6239060	6206086	6211389
53	100	6357865	6358400	6343081	6339149	6350800	6361695	6333821	6399417	6373631	6391852
53	1000	6297356	6242994	6269995	6270486	6248560	6249790	6238447	6353636	6344986	6353873
53	10000	6185452	6215528	6179294	6169376	6163110	6152208	6145080	6315061	6282727	6286510
53	100000	6141732	6130732	6121622	6107920	6122574	6075726	6068685	6235903	6226796	6211798
53	1000000	6087178	6072410	6075568	6078522	6057120	6045309	6041328	6214685	6197448	6183955
54	100	6366225	6380748	6358775	6351017	6372119	6370793	6348893	6412164	6399012	6380600
54	1000	6301614	6297443	6299929	6258710	6273420	6266875	6268082	6342268	6387286	6344471
54	10000	6201772	6223831	6196415	6193802	6190347	6182416	6156397	6331492	6313575	6300443
54	100000	6133960	6110855	6129955	6125935	6130415	6102594	6086903	6273344	6243170	6240352
54	1000000	6109488	6079624	6104936	6079989	6060744	6054689	6067280	6237435	6220077	6205248
55	100	6301769	6290264	6315064	6293961	6310466	6337245	6320453	6366350	6344360	6363354
55	1000	6248705	6253157	6247312	6240531	6209614	6224963	6212471	6299905	6323265	6306894
55	10000	6142737	6133265	6134061	6137074	6113490	6111855	6102345	6274544	6235294	6235570
55	100000	6101270	6091936	6079892	6059796	6064184	6031537	6021359	6201940	6188746	6158728
55	1000000	6065585	6018131	6035943	6031453	6009499	6017762	5983624	6176792	6147777	6142336
56	100	6420122	6421603	6441548	6427350	6417676	6415724	6428061	6484429	6455399	6471332
56	1000	6345563	6360208	6333886	6345545	6334847	6344218	6307274	6439494	6432877	6434919
56	10000	6272443	6269195	6267222	6259009	6236427	6248646	6235264	6366195	6383834	6372942
56	100000	6209756	6178827	6188468	6190111	6175320	6157454	6130459	6321737	6286841	6311712
56	1000000	6174300	6151177	6137178	6146921	6144025	6134798	6102934	6303776	6259755	6251660
57	100	6348761	6283872	6315630	6302296	6295169	6304425	6295934	6333021	6339166	6340187
57	1000	6251801	6228460	6231973	6217205	6223463	6213780	6193763	6292233	6308852	6316880
57	10000	6168420	6169384	6117346	6133607	6125684	6118163	6092671	6264512	6234651	6239174
57	100000	6088337	6075208	6058561	6070598	6057784	6036623	6010166	6211424	6194701	6161163
57	1000000	6031435	6032844	6036651	6018810	6018049	6000340	6001398	6173090	6140083	6145280
58	100	6288084	6276801	6285954	6255844	6278946	6264003	6258786	6321866	6306684	6316639
58	1000	6195941	6190322	6188753	6209733	6179346	6183239	6187785	6279886	6282647	6267991
58	10000	6115009	6109206	6106739	6115711	6079513	6083338	6053099	6243943	6187400	6198962
58	100000	6062458	6042933	6048254	6050946	6011476	6003244	6006464	6184569	6130995	6141107
58	1000000	5998539	5999546	5978010	5986667	5995810	5975507	5968489	6128622	6121983	6118075
59	100	6353626	6331380	6313507	6330383	6355740	6304215	6307688	6359622	6347833	6352453
59	1000	6248624	6243124	6244256	6248466	6218263	6214540	6198539	6328360	6317584	6336993
59	10000	6158497	6155362	6155130	6149400	6139807	6122275	6098557	6282360	6267420	6264000
59	100000	6117181	6109062	6091166	6084632	6086185	6060164	6049935	6251719	6203120	6209636
59	1000000	6067713	6072729	6031337	6036432	6039300	6021060	6023538	6190548	6177003	6155804
60	100	6212498	6244430	6242137	6201913	6209308	6204470	6193580	6262823	6265059	6264262
60	1000	6149468	6145296	6133084	6150213	6131731	6136192	6129644	6221146	6231933	6213878
60	10000	6082434	6059302	6056864	6038337	6019562	6018685	6019815	6179024	6152826	6144949
60	100000	5991701	5992138	5990496	5984549	5980734	5950345	5914217	6131716	6103046	6079559
60	1000000	5955059	5953736	5930259	5906980	5934129	5925751	5910857	6090422	6057213	6043812
61	100	6337463	6332061	6351211	6355252	6365841	6316564	6327306	6356650	6391036	6363719
61	1000	6265165	6269779	6251230	6231946	6250644	6236914	6249505	6342836	6337229	6320279
61	10000	6182462	6170682	6184397	6160485	6144822	6148230	6141676	6278912	6286236	6292440
61	100000	6118096	6117450	6121015	6077177	6083048	6088050	6059902	6247077	6213974	6216330
61	1000000	6060826	6083268	6063124	6046519	6038495	6036073	6024330	6212441	6179794	6177150
62	100	6336819	6325909	6340658	6325939	6343139	6295983	6343938	6351051	6365749	6362495
62	1000	6264284	6251763	6253332	6236781	6215506	6233408	6228002	6346083	6325465	6320593
62	10000	6185766	6184842	6167610	6164604	6148547	6120435	6123632	6288222	6266922	6254017
62	100000	6118846	6105234	6079089	6086520	6072427	6056943	6051283	6230345	6203164	6200085
62	1000000	6061966	6049279	6051334	6046942	6036508	6028549	6015118	6174784	6167880	6176228
63	100	6364131	6362628	6345658	6342986	6361533	6341233	6327343	6398215	6381707	6375285
63	1000	6277564	6261459	6284485	6281904	6247452	6258525	6246247	6344181	6348902	6358363
63	10000	6201038	6187857	6204990	6165663	6169589	6160887	6144635	6318842	6308419	6299754
63	100000	6124659	6117136	6109522	6112659	6084999	6083872	6068919	6237934	6223809	6225249
63	1000000	6092822	6089816	6082468	6063633	6050768	6054189	6043126	6221633	6187252	6196802
64	100	6408017	6386370	6396538	6385676	6403919	6367310	6408817	6442474	6430027	6429779
64	1000	6299887	6321161	6320229	6309548	6309260	6299120	6295692	6404342	6399130	6376250
64	10000	6246959	6239661	6220781	6244069	6230642	6188872	6201807	6360621	6333263	6329210
64	100000	6172563	6160358	6161679	6162216	6165480	6129698	6122632	6288820	6272930	6277146
64	1000000	6135455	6136930	6102182	6106828	6111942	6086132	6100284	6250715	6231912	6250075
65	100	6366845	6348228	6347834	6362515	6379004	6360778	6343080	6389213	6355205	6368335
65	1000	6291045	6279457	6276345	6279963	6269353	6261771	6244675	6364488	6365409	6350912
65	10000	6206497	6224239	6203939	6176692	6169401	6156870	6143429	6307118	6280058	6286346
65	100000	6157087	6135253	6109477	6118199	6101455	6086894	6071688	6247306	6235853	6242378
65	1000000	6094868	6079319	6083554	6064457	6057900	6055163	6030876	6203348	6203403	6184022
66	100	6357034	6328167	6321545	6325493	6340382	6339916	6319719	6372582	6378627	6375052
66	1000	6260727	6254471	6255748	6244966	6239954	6246049	6219836	6337982	6316514	6336122
66	10000	6172737	6174973	6171019	6140991	6136662	6109551	6119019	6292473	6235041	6277938
66	100000	6116889	6118245	6102856	6092627	6095015	6062734	6044417	6248100	6206935	6219013
66	1000000	6074390	6051419	6050179	6058957	6045628	6006878	6011329	6201107	6159330	6153985
67	100	6260281	6279306	6287877	6298835	6260835	6302777	6244218	6326271	6308047	6319337
67	1000	6202904	6229555	6208248	6180759	6190771	6183824	6181319	6287686	6284092	6274831
67	10000	6123965	6099718	6116317	6108289	6111649	6054980	6070029	6227139	6243656	6214839
67	100000	6076166	6049893	6057632	6051199	6004731	6006154	6019667	6190847	6178193	6154246
67	1000000	6019469	6008019	5998858	5994840	5981804	5985921	5958077	6139637	6137331	6119267
68	100	6352124	6351874	6368174	6375940	6346095	6348335	6379386	6398245	6385795	6402226
68	1000	6293540	6288592	6278876	6269100	6292673	6252284	6237425	6350009	6335900	6352401
68	10000	6197231	6201321	6193374	6198793	6175994	6158399	6152101	6298612	6275886	6280598
68	100000	6140531	6132036	6114846	6128474	6108758	6112532	6097664	6253213	6255236	6242336
68	1000000	6093162	6093742	6077037	6074984	6072140	6057596	6049609	6226755	6194611	6180925
69	100	6326380	6342852	6378395	6341056	6357365	6331601	6316111	6380366	6360898	6367123
69	1000	6278490	6285181	6254407	6264368	6238792	6243225	6243471	6333221	6351099	6327648
69	10000	6182877	6152455	6174446	6179978	6157743	6140432	6126596	6301347	6276952	6274222
69	100000	6100411	6105040	6114441	6108905	6095650	6075011	6054475	6231546	6237751	6209401
69	1000000	6066675	6074523	6060186	6049367	6037042	6029106	6020540	6207841	6184761	6172238
70	100	6312617	6326124	6299843	6290968	6323777	6303658	6312083	6330254	6336091	6358441
70	1000	6246916	6239789	6212905	6222829	6227947	6211757	6189643	6302808	6293646	6301075
70	10000	6151143	6155127	6127685	6144880	6104872	6104575	6090076	6262814	6226590	6260370
70	100000	6092360	6079729	6072699	6046446	6037382	6034050	6025773	6213386	6192717	6173414
70	1000000	6036751	6044310	6026066	6024373	6015242	6007607	6002515	6160263	6155817	6153505
71	100	6378370	6334843	6382471	6334103	6340853	6355095	6353321	6401750	6385606	6413431
71	1000	6282383	6264820	6281065	6288256	6261929	6262032	6249400	6379374	6379034	6350326
71	10000	6208976	6224254	6182202	6195217	6177018	6165730	6139482	6310198	6281643	6279653
71	100000	6126784	6123883	6117516	6125627	6110081	6081806	6099549	6249189	6241975	6239504
71	1000000	6098714	6081541	6077384	6072279	6071818	6068048	6052690	6225346	6199765	6191655
72	100	6299635	6301920	6266674	6308035	6284214	6258763	6278352	6343629	6290217	6316160
72	1000	6211591	6246792	6216772	6218290	6195546	6169049	6163534	6265981	6281992	6277103
72	10000	6110545	6140604	6113333	6105151	6113922	6066260	6060559	6247234	6206761	6203974
72	100000	6051514	6073335	6042936	6056543	6035048	6009705	6014047	6170463	6174835	6164435
72	1000000	6020635	6022725	6004425	5994144	6005635	5963472	5975348	6150931	6148843	6125637
73	100	6364408	6352886	6384619	6362460	6369620	6364940	6367233	6417746	6397095	6370551
73	1000	6318526	6290849	6278269	6264780	6267803	6274878	6255063	6377595	6365734	6364504
73	10000	6204032	6203574	6213954	6183589	6189172	6179940	6147710	6306256	6300034	6297167
73	100000	6157112	6153450	6141227	6111307	6108514	6083522	6080923	6251448	6246532	6258409
73	1000000	6109707	6106896	6100930	6086215	6067884	6058203	6035016	6237668	6206523	6201646
74	100	6394763	6398211	6397087	6400223	6381912	6399330	6403109	6424313	6439833	6423370
74	1000	6317426	6333949	6299159	6303771	6296727	6294165	6278705	6370762	6393844	6397455
74	10000	6262223	6250880	6210226	6216309	6230981	6200452	6192747	6356687	6346191	6342745
74	100000	6175287	6193493	6148396	6136534	6132851	6134225	6105334	6292701	6281643	6281630
74	1000000	6127094	6120259	6121107	6116443	6110703	6102166	6079451	6253774	6248499	6236569
75	100	6401410	6391940	6399716	6383545	6389987	6349835	6362293	6423676	6423609	6392926
75	1000	6323113	6324967	6297608	6308338	6304667	6296138	6268940	6405098	6411470	6367144
75	10000	6233002	6232435	6223821	6213066	6185684	6184184	6195912	6351661	6305166	6320610
75	100000	6182500	6160962	6150579	6154437	6142593	6128066	6108920	6307608	6266639	6264408
75	1000000	6134752	6129902	6125945	6098894	6096863	6078551	6069271	6269887	6218830	6205733
76	100	6362397	6366164	6343857	6341710	6357878	6379569	6313163	6406237	6406664	6386408
76	1000	6274796	6287895	6287645	6266986	6244898	6271619	6263774	6357921	6374377	6343302
76	10000	6206378	6208969	6195635	6192194	6180639	6171282	6150946	6327775	6307746	6311102
76	100000	6126701	6147424	6144327	6127583	6109805	6103947	6105953	6254835	6228225	6224945
76	1000000	6094731	6096278	6078372	6072688	6068455	6044728	6040120	6235437	6206280	6197709
77	100	6416336	6409142	6434401	6430149	6434743	6408810	6391756	6444743	6464593	6450812
77	1000	6353337	6360439	6330493	6338199	6326396	6314885	6306451	6431839	6416897	6430274
77	10000	6267982	6276728	6242375	6253262	6232593	6226794	6201556	6365956	6350034	6340631
77	100000	6202023	6204174	6174052	6192948	6157630	6166550	6161706	6315155	6281787	6320737
77	1000000	6152258	6146053	6157779	6146426	6137209	6122229	6091088	6274467	6252226	6268548
78	100	6339466	6316544	6327264	6319146	6311651	6336261	6338049	6348264	6366689	6377427
78	1000	6265337	6254455	6255771	6246076	6231494	6234339	6211039	6332728	6336705	6325507
78	10000	6193866	6170593	6173108	6149343	6144286	6131939	6131247	6295137	6285277	6277944
78	100000	6114390	6110681	6094391	6066373	6075851	6068539	6050698	6227361	6210389	6181222
78	1000000	6068945	6049034	6064584	6043748	6052156	6024460	6032371	6203121	6175196	6149616
79	100	6459079	6476281	6442644	6478034	6453996	6483375	6414947	6513806	6487033	6491191
79	1000	6373128	6361225	6357853	6353878	6345257	6334784	6331878	6462443	6427487	6454537
79	10000	6292976	6289518	6275454	6275476	6265534	6247045	6237447	6388433	6380593	6374177
79	100000	6225580	6222087	6219335	6190768	6194118	6188629	6177625	6364647	6297000	6308918
79	1000000	6179899	6179717	6169416	6159468	6163801	6154670	6133550	6316606	6265841	6275572
80	100	6283854	6289769	6320769	6278015	6285046	6278998	6275885	6336813	6340616	6328929
80	1000	6231203	6245666	6197481	6192868	6204219	6173963	6184682	6301928	6298122	6299519
80	10000	6141045	6135656	6149700	6136500	6091506	6099621	6089672	6226537	6221013	6247010
80	100000	6058180	6065300	6048740	6063922	6048283	6018160	6008730	6184922	6184212	6168719
80	1000000	6026283	6030454	6026847	6006057	6000749	5989737	5984477	6158966	6131153	6137732
81	100	6318248	6326007	6308326	6331579	6336814	6312717	6300752	6365610	6358353	6324914
81	1000	6233320	6243890	6225717	6236311	6220966	6230352	6197517	6343152	6333203	6286607
81	10000	6177048	6165124	6155637	6151022	6133051	6107911	6106071	6268548	6255973	6245784
81	100000	6096999	6097064	6076552	6083542	6061060	6072029	6024116	6211813	6186100	6198449
81	1000000	6052757	6049622	6040570	6034560	6018995	6024646	6013691	6204291	6160662	6134877
82	100	6314653	6256377	6291859	6304144	6276614	6283170	6297708	6318026	6322529	6329653
82	1000	6227574	6216490	6211143	6193890	6207311	6171202	6205254	6265339	6287039	6292714
82	10000	6167489	6111590	6121152	6117446	6102533	6102843	6082884	6260195	6218514	6225661
82	100000	6086885	6066954	6048660	6059372	6038584	6002688	6037069	6179361	6181515	6161796
82	1000000	6026290	6034810	6006286	6000237	5990074	5991760	5948353	6153434	6140138	6129921
83	100	6314897	6321973	6308638	6312016	6314447	6297725	6288427	6350256	6330343	6341011
83	1000	6244186	6234036	6225601	6212251	6215551	6192089	6174237	6308709	6296839	6283932
83	10000	6139353	6152650	6149669	6117197	6114037	6091480	6106353	6233954	6225782	6236821
83	100000	6079794	6082765	6076261	6050536	6046392	6040699	6029141	6214514	6194421	6165661
83	1000000	6047891	6048340	6024348	6019698	6001005	6009294	5991336	6163418	6140810	6145627
84	100	6335678	6321075	6359174	6315094	6307676	6340266	6320122	6388266	6391658	6368410
84	1000	6246370	6239274	6255189	6271189	6229154	6251242	6228495	6351090	6319991	6322660
84	10000	6181969	6179110	6186617	6156413	6141669	6159133	6105224	6284873	6263845	6283087
84	100000	6113186	6114963	6109678	6096976	6077467	6083813	6043032	6210359	6216168	6221475
84	1000000	6068237	6063374	6071062	6060629	6053139	6044745	6027300	6205711	6168818	6162776
85	100	6331670	6357310	6349368	6322378	6339920	6354711	6341635	6395460	6373386	6397813
85	1000	6277465	6272908	6291783	6273514	6243692	6256781	6250552	6350761	6339047	6347607
85	10000	6211765	6181759	6182148	6167972	6155809	6157534	6130422	6292649	6284016	6284896
85	100000	6117125	6151824	6126205	6117043	6097320	6072063	6071528	6263677	6216741	6230829
85	1000000	6089934	6075074	6072846	6060109	6035638	6058846	6036381	6194300	6190695	6185166
86	100	6325029	6321619	6304646	6316537	6283872	6311707	6293787	6355746	6330991	6338392
86	1000	6255770	6262978	6220326	6235618	6218798	6216346	6221333	6299350	6319727	6290847
86	10000	6152027	6150913	6158739	6134316	6144750	6095869	6085098	6249306	6203986	6217802
86	100000	6075294	6084762	6078386	6070793	6050057	6045292	6018873	6224615	6180471	6193080
86	1000000	6046836	6026787	6032512	6045854	6022245	6018582	5999953	6164792	6137040	6125157
87	100	6421712	6431451	6437978	6393750	6417437	6391875	6409548	6454044	6451983	6433574
87	1000	6343588	6326755	6324505	6335732	6334150	6329046	6316984	6422463	6394278	6406476
87	10000	6248283	6261184	6244544	6241305	6226715	6220072	6201149	6348825	6354440	6342219
87	100000	6200016	6188913	6182235	6170321	6157760	6135100	6143098	6289352	6285930	6297998
87	1000000	6150538	6136315	6127972	6104691	6120507	6105107	6107305	6273935	6253730	6246733
88	100	6349027	6313754	6334106	6364184	6355818	6309146	6344258	6384350	6381743	6363642
88	1000	6277232	6235162	6254662	6273727	6269129	6234542	6221151	6351830	6335635	6315515
88	10000	6199076	6165246	6176484	6158224	6170435	6137055	6141465	6294856	6249875	6277809
88	100000	6128059	6100291	6096962	6107496	6081345	6067828	6067966	6221560	6191899	6208485
88	1000000	6045824	6065655	6062378	6063217	6047965	6027039	6005920	6187031	6184104	6168341
89	100	6295623	6267121	6295239	6259702	6265761	6279215	6295968	6320168	6311532	6317783
89	1000	6215743	6205526	6225819	6223683	6176283	6203154	6183280	6290001	6251137	6285759
89	10000	6126751	6114298	6118609	6110032	6099143	6085771	6064730	6249654	6231211	6196095
89	100000	6073158	6044242	6035901	6043340	6010633	6008014	6004481	6168400	6146492	6156396
89	1000000	6009647	6021423	5991284	6011418	5991846	5981062	5959324	6149538	6130524	6129054
90	100	6360261	6329773	6328284	6329884	6367161	6332035	6356595	6383124	6367136	6377010
90	1000	6286339	6269655	6265524	6266375	6231747	6241681	6224547	6328356	6311924	6339051
90	10000	6203061	6179910	6173140	6160474	6152075	6141092	6137345	6288419	6283143	6286770
90	100000	6116983	6125476	6116846	6101831	6091873	6085736	6058070	6244409	6230020	6219023
90	1000000	6082323	6040152	6062577	6067740	6045376	6037907	6033813	6189734	6183366	6179176
91	100	6244183	6263957	6200087	6236644	6207192	6204589	6248373	6265489	6256741	6257469
91	1000	6151246	6150796	6162233	6138202	6159483	6140774	6108611	6230423	6235053	6224466
91	10000	6078665	6064158	6060025	6082723	6052225	6030623	6022948	6206376	6169383	6164628
91	100000	6012202	6006069	5993640	5989438	5974396	5965468	5955077	6135787	6119068	6099183
91	1000000	5962708	5959001	5948014	5957939	5942273	5937834	5917215	6105246	6078639	6051916
92	100	6414572	6424375	6412874	6414582	6409869	6413962	6412070	6457428	6452258	6440770
92	1000	6362108	6351238	6324015	6347362	6321853	6325346	6322961	6424786	6414787	6400801
92	10000	6268197	6248575	6232181	6232314	6210170	6214369	6200667	6354971	6352346	6348737
92	100000	6186948	6183635	6203860	6152505	6163391	6134207	6115587	6309191	6297109	6287122
92	1000000	6150790	6118019	6126650	6119260	6113269	6132625	6105748	6274251	6255886	6249060
93	100	6368558	6350848	6355156	6349714	6379693	6340877	6338504	6371416	6395909	6365050
93	1000	6276940	6280357	6286637	6257629	6268828	6253464	6273796	6375576	6334578	6338571
93	10000	6190635	6183123	6180938	6182558	6179528	6152371	6122951	6307121	6284983	6301323
93	100000	6134053	6116798	6136756	6104457	6108865	6082013	6073278	6226430	6222644	6213326
93	1000000	6072707	6080316	6040731	6067851	6059767	6048373	6045375	6195927	6183519	6160981
94	100	6345765	6350758	6329278	6336004	6326511	6324015	6330654	6355218	6381091	6382056
94	1000	6257259	6254710	6253696	6254238	6231438	6263270	6231071	6328080	6334248	6325858
94	10000	6217134	6174961	6181910	6179027	6143348	6136109	6137950	6300350	6290856	6276253
94	100000	6140996	6118348	6125703	6114748	6085550	6063267	6060622	6222547	6225723	6211704
94	1000000	6064958	6072667	6048814	6065179	6035538	6054909	6029512	6213783	6178462	6172423
95	100	6396997	6381428	6403746	6379863	6388675	6419667	6383413	6430647	6421053	6427420
95	1000	6309657	6314459	6327148	6318720	6312612	6280735	6292832	6399903	6380489	6373096
95	10000	6212981	6231652	6231103	6230473	6189450	6195222	6177938	6339218	6325530	6313105
95	100000	6166127	6174804	6137270	6149105	6142193	6131815	6098327	6309662	6249646	6260896
95	1000000	6128425	6111565	6111727	6117868	6102002	6092540	6074112	6263469	6236103	6219264
96	100	6299277	6296450	6320730	6283325	6298310	6283321	6279621	6343196	6331234	6313532
96	1000	6242795	6223458	6221000	6205755	6189983	6199802	6187772	6294727	6296371	6278480
96	10000	6124827	6144219	6123710	6105426	6095720	6104956	6089340	6246194	6256137	6212102
96	100000	6067822	6053559	6061260	6033424	6050800	6036613	6007631	6158125	6143332	6170857
96	1000000	6026305	6016338	6023474	6020822	6009766	5999857	5968498	6157433	6121174	6123058
97	100	6388326	6374092	6418546	6386363	6374010	6367801	6365482	6415515	6412507	6413306
97	1000	6321641	6302015	6314239	6298928	6307508	6259810	6272601	6401579	6375276	6368547
97	10000	6221630	6226853	6229488	6202808	6191228	6186518	6178879	6319149	6328164	6315953
97	100000	6138137	6171408	6143828	6126252	6111519	6116446	6100367	6293102	6244428	6279467
97	1000000	6117411	6105533	6103090	6095446	6075972	6045491	6052620	6254729	6223536	6227536
98	100	6445367	6433926	6447063	6427234	6413545	6436618	6432875	6461830	6474053	6455069
98	1000	6347760	6344624	6388903	6340229	6350777	6351919	6319505	6453369	6443663	6419095
98	10000	6271088	6275400	6259405	6264083	6239120	6236891	6218733	6370629	6350883	6363583
98	100000	6206451	6207644	6207095	6182061	6186638	6174357	6159162	6336566	6309097	6300136
98	1000000	6163200	6158077	6159262	6129908	6150553	6131783	6129074	6284152	6270262	6258668
99	100	6314718	6330557	6288202	6297939	6299579	6275398	6313168	6321447	6332688	6337026
99	1000	6232810	6228851	6231839	6216062	6212088	6209913	6175839	6297334	6291724	6307099
99	10000	6147657	6136148	6145611	6123202	6109793	6087735	6084164	6212896	6217533	6242973
99	100000	6065799	6081077	6074618	6061732	6047008	6051575	6024901	6205473	6181984	6159601
99	1000000	6040944	6033695	6033932	6022736	6003130	5981938	5973746	6169506	6126141	6121648
100	100	6273299	6303957	6271944	6247916	6271039	6281197	6246877	6295199	6323768	6294121
100	1000	6205646	6197033	6170164	6176306	6185394	6171168	6169710	6254145	6280312	6273128
100	10000	6115997	6098062	6089747	6079519	6083217	6076698	6053600	6199294	6188223	6205823
100	100000	6046732	6037200	6042545	6019937	6004020	6001674	5995300	6161843	6135785	6157130
100	1000000	6001387	5981732	5987403	5981040	5972919	5968427	5954725	6134719	6088578	6097641
