Instance	Evaluations	Cycle(0.75)	Cycle(0.5)	Cycle(0.25)	Cycle(5)	Cycle(4)	Cycle(3)	Swap	Insertion	Reversal	Scramble
1	100	1582336	1580118	1576131	1592212	1580891	1572861	1571833	1590231	1592654	1592003
1	1000	1548752	1563184	1536275	1542683	1551608	1559999	1542954	1584707	1577157	1576686
1	10000	1526106	1519629	1520655	1510415	1504798	1516730	1515507	1557550	1552245	1545747
1	100000	1500102	1488613	1489002	1506996	1502858	1507647	1500479	1549451	1531396	1540971
1	1000000	1481873	1489808	1482818	1489381	1486114	1484354	1482304	1536989	1524802	1529709
1	10000000	1477706	1477079	1471452	1480991	1478832	1479702	1474407	1524420	1518105	1513055
2	100	1547730	1549704	1547418	1554625	1546717	1562604	1549891	1556161	1564528	1567535
2	1000	1528989	1514374	1515353	1524394	1520729	1511150	1520079	1546156	1541148	1538199
2	10000	1494819	1488479	1486804	1500576	1487305	1488386	1479503	1528925	1524249	1509949
2	100000	1471239	1459248	1467190	1468892	1465320	1465293	1464072	1515691	1504138	1501617
2	1000000	1467160	1458629	1452165	1463989	1468345	1461301	1454229	1500196	1500822	1490563
2	10000000	1451970	1451856	1451520	1447374	1455069	1450649	1447133	1497465	1489273	1483616
3	100	1512733	1513310	1505524	1525259	1522350	1507380	1510910	1530904	1519797	1536147
3	1000	1495944	1487303	1482409	1491925	1488977	1479618	1481644	1513183	1516991	1512293
3	10000	1456672	1458399	1443230	1458129	1453159	1457538	1442608	1504363	1490993	1491873
3	100000	1440142	1426749	1434090	1444614	1438130	1431941	1438437	1471006	1475933	1475228
3	1000000	1432215	1427861	1425952	1429365	1429672	1421436	1423078	1473802	1462313	1456617
3	10000000	1421628	1419872	1417172	1422157	1419592	1417987	1409596	1464418	1452963	1450619
4	100	1566377	1563042	1549677	1570999	1568086	1560272	1549609	1569145	1569549	1572906
4	1000	1547362	1519891	1527585	1531489	1528396	1521340	1510737	1562051	1555653	1556327
4	10000	1499911	1492903	1497462	1498195	1506932	1500494	1494462	1530598	1532271	1535893
4	100000	1482202	1477798	1478309	1485253	1478171	1480910	1466204	1516378	1520720	1513343
4	1000000	1474600	1468007	1461879	1472376	1467899	1460600	1466786	1508621	1510017	1503617
4	10000000	1465380	1456847	1451054	1461055	1460900	1457321	1457502	1498130	1502684	1490612
5	100	1582959	1572993	1574264	1572594	1573963	1560213	1573719	1589721	1586816	1581244
5	1000	1560471	1537630	1536144	1554497	1548459	1540848	1540881	1575329	1569962	1569306
5	10000	1523070	1512625	1509981	1524889	1514857	1514969	1506915	1559462	1540926	1554671
5	100000	1504902	1496454	1489558	1493067	1490842	1492905	1483466	1537054	1535723	1527591
5	1000000	1486589	1487472	1482761	1490908	1482680	1483082	1480960	1520734	1520964	1514811
5	10000000	1476838	1473836	1474968	1474360	1476213	1468477	1471691	1513597	1517891	1505477
6	100	1546306	1542733	1542092	1553019	1546044	1539754	1535023	1553072	1557744	1559270
6	1000	1519893	1516192	1509725	1513334	1512029	1500902	1520387	1537781	1534047	1535567
6	10000	1480265	1487474	1468020	1489429	1482797	1486835	1469534	1516730	1518659	1513531
6	100000	1461141	1461751	1458198	1476791	1461831	1463352	1447500	1505201	1489151	1500935
6	1000000	1449898	1454553	1447082	1456245	1462455	1450339	1450421	1498853	1492030	1489508
6	10000000	1447957	1438931	1443586	1443031	1445037	1446280	1436340	1490118	1481953	1478823
7	100	1576926	1568294	1568518	1566591	1568611	1572512	1579895	1594138	1581521	1586156
7	1000	1530618	1542409	1540611	1537093	1539136	1537623	1529941	1568023	1568852	1569954
7	10000	1513455	1505096	1497740	1510684	1508426	1509834	1499456	1550300	1548312	1540475
7	100000	1495960	1482873	1486753	1499043	1482563	1486593	1484324	1540428	1521785	1523849
7	1000000	1476143	1467135	1473740	1478065	1479009	1466022	1480903	1518245	1517071	1515983
7	10000000	1470795	1465613	1463366	1465660	1468607	1466140	1466671	1513858	1498607	1502861
8	100	1570136	1571633	1568910	1567537	1566370	1570537	1555040	1571497	1582624	1575369
8	1000	1540643	1527240	1530416	1537064	1525999	1528213	1519929	1567365	1556120	1569910
8	10000	1509407	1498051	1492420	1506532	1505332	1501950	1493281	1555148	1537626	1531406
8	100000	1486833	1486264	1482295	1491032	1479346	1484472	1476923	1534930	1532567	1522082
8	1000000	1475362	1467483	1468248	1480536	1478330	1473653	1470862	1521726	1512952	1501667
8	10000000	1465111	1461707	1460779	1459752	1466544	1463010	1462573	1505926	1503284	1501466
9	100	1527440	1526205	1511492	1530479	1536688	1515028	1532918	1543061	1542863	1528918
9	1000	1494048	1487028	1490488	1495866	1494783	1492497	1485522	1527253	1523195	1513214
9	10000	1465550	1462288	1467907	1463550	1463472	1457579	1452008	1506348	1497744	1491668
9	100000	1442001	1442774	1435666	1446523	1444614	1446137	1433666	1487722	1483492	1477629
9	1000000	1432524	1432676	1435265	1440282	1429063	1418958	1432713	1470489	1475920	1467900
9	10000000	1427387	1426328	1422446	1420923	1427531	1421693	1419504	1466392	1459699	1457158
10	100	1533858	1527439	1520101	1523273	1525195	1525587	1520327	1551474	1546746	1540068
10	1000	1507310	1501746	1496242	1502426	1501036	1495595	1494572	1530141	1522083	1514596
10	10000	1472543	1478693	1462862	1474068	1475402	1459671	1474408	1503423	1503716	1502049
10	100000	1450827	1452106	1447298	1456225	1441856	1451035	1448735	1496668	1494282	1485080
10	1000000	1435171	1434212	1435633	1438967	1439963	1435241	1433278	1485226	1482820	1466133
10	10000000	1430921	1430260	1427357	1433626	1429832	1431275	1424875	1470617	1469546	1467172
11	100	1520992	1518120	1507139	1516582	1527602	1516611	1517088	1531042	1530604	1526695
11	1000	1490630	1489810	1476207	1483290	1488730	1477909	1463585	1515849	1516457	1512335
11	10000	1462921	1450506	1447257	1460850	1453579	1442807	1436898	1494472	1480841	1475705
11	100000	1439219	1430263	1432243	1439420	1431592	1431427	1426387	1484633	1464839	1471100
11	1000000	1412684	1419563	1419216	1421109	1427429	1419868	1419271	1468734	1466874	1461597
11	10000000	1415478	1415176	1414383	1415243	1414150	1411713	1410866	1463142	1446812	1445144
12	100	1550334	1555543	1540276	1549356	1544616	1538236	1536033	1557066	1570604	1563146
12	1000	1522072	1510449	1509747	1527997	1525898	1504175	1513769	1546114	1536611	1542741
12	10000	1491873	1485867	1477272	1488157	1482510	1485850	1485060	1529435	1531129	1516456
12	100000	1467696	1458992	1464698	1482935	1464651	1469169	1466054	1511625	1512137	1508906
12	1000000	1459281	1454196	1455367	1460054	1446559	1442577	1449135	1503825	1501108	1491329
12	10000000	1448447	1445881	1446381	1447124	1447563	1443613	1444174	1492369	1486826	1479390
13	100	1552067	1551860	1558994	1560152	1555051	1553460	1556157	1570718	1575785	1565116
13	1000	1526864	1520426	1512687	1527373	1522335	1515949	1507118	1564368	1553400	1553392
13	10000	1501681	1493066	1490188	1500543	1497452	1494065	1492210	1534293	1535298	1535677
13	100000	1486723	1474391	1467264	1474452	1479224	1471510	1478776	1524478	1502814	1514637
13	1000000	1473382	1466961	1460818	1468615	1459580	1462781	1463029	1512922	1504948	1496979
13	10000000	1453939	1453513	1454121	1448162	1450304	1454334	1450749	1498597	1493738	1483296
14	100	1495359	1481637	1495630	1498947	1497984	1489117	1487848	1505825	1505270	1497451
14	1000	1461211	1449824	1450513	1457900	1463102	1443903	1445887	1490697	1476917	1486322
14	10000	1444563	1432343	1422455	1430353	1432016	1428113	1426840	1472893	1469718	1457437
14	100000	1410994	1406921	1402566	1411994	1410402	1404389	1401890	1459904	1443941	1440474
14	1000000	1395422	1394316	1389450	1404423	1397098	1391824	1392211	1444034	1434451	1431479
14	10000000	1392862	1385446	1382348	1389976	1386660	1385301	1387993	1431912	1425916	1426031
15	100	1580491	1590858	1584011	1589773	1579665	1601751	1585622	1593697	1598041	1599780
15	1000	1568510	1560144	1553422	1545845	1554443	1547450	1541950	1586055	1579135	1563165
15	10000	1533877	1527149	1515462	1528087	1521286	1530101	1516922	1566515	1557428	1558623
15	100000	1517513	1506282	1508816	1494451	1509937	1507502	1493493	1558055	1542414	1541274
15	1000000	1500634	1494345	1492869	1495484	1500732	1489693	1490203	1540849	1540646	1532712
15	10000000	1484324	1488421	1477792	1486828	1487945	1484465	1485195	1529637	1528251	1517258
16	100	1524918	1531538	1522631	1527056	1520464	1513085	1519232	1542011	1536782	1536460
16	1000	1498990	1499557	1479348	1496015	1495599	1487793	1484618	1535288	1519707	1523769
16	10000	1476538	1463981	1443309	1470756	1466220	1456316	1446810	1509179	1495713	1500569
16	100000	1447806	1434264	1440732	1447480	1451123	1440342	1434069	1487433	1470746	1477359
16	1000000	1433156	1430710	1430389	1436327	1431818	1430408	1432893	1481598	1474855	1470785
16	10000000	1417899	1421346	1421582	1422733	1416891	1421464	1413821	1469213	1462876	1459139
17	100	1548463	1548441	1547578	1535652	1549327	1533508	1548319	1558859	1556929	1560119
17	1000	1511569	1503493	1511475	1504657	1504565	1516658	1514083	1544845	1546929	1538091
17	10000	1491987	1484070	1481849	1482586	1491919	1486274	1483672	1516519	1515839	1523494
17	100000	1474221	1461005	1462215	1472011	1460967	1469180	1450834	1507321	1488735	1503767
17	1000000	1454533	1448435	1449052	1455436	1455045	1453922	1452107	1501772	1493718	1487248
17	10000000	1443770	1444370	1439435	1441079	1438340	1445703	1441540	1492034	1483527	1481352
18	100	1591516	1584557	1572627	1572216	1585349	1583952	1577101	1599516	1590050	1594451
18	1000	1564303	1556983	1535607	1559839	1551079	1546569	1540325	1576000	1574439	1590215
18	10000	1529011	1515374	1513725	1527426	1522149	1512829	1511839	1562920	1548892	1559913
18	100000	1510614	1502963	1491104	1509733	1500186	1491543	1492167	1546785	1531025	1545957
18	1000000	1492050	1491220	1484969	1491300	1497077	1484942	1483419	1538735	1531604	1520276
18	10000000	1481807	1482683	1480904	1481016	1481718	1477538	1471663	1524981	1512500	1517434
19	100	1538522	1530476	1525565	1535565	1535551	1527611	1528940	1548923	1539813	1541184
19	1000	1510893	1505236	1497836	1505821	1482120	1491232	1489962	1537345	1522623	1536488
19	10000	1486187	1462484	1461784	1475469	1465803	1460760	1459245	1515950	1502635	1507518
19	100000	1453938	1435621	1447793	1449015	1446400	1451283	1445720	1494605	1487771	1486485
19	1000000	1438513	1435390	1430550	1440011	1440672	1434869	1431444	1484824	1477668	1471147
19	10000000	1421710	1423673	1425584	1429964	1428738	1428955	1425216	1472881	1471681	1460780
20	100	1521433	1516373	1522138	1513924	1503877	1506725	1514750	1528174	1531615	1527442
20	1000	1494631	1482659	1474282	1483329	1477995	1479042	1483069	1517420	1499229	1516052
20	10000	1457277	1450553	1435195	1463829	1455090	1445279	1449099	1493108	1485291	1476610
20	100000	1436166	1432199	1423397	1442310	1433708	1432754	1423577	1477736	1471481	1467332
20	1000000	1429124	1420205	1411429	1429468	1421373	1422746	1423677	1473450	1454167	1456372
20	10000000	1414540	1411561	1410723	1414130	1416108	1413314	1409898	1457584	1446364	1443923
21	100	1585767	1565581	1575237	1578794	1586335	1574013	1578139	1601452	1585612	1594742
21	1000	1562256	1547322	1542474	1544884	1547660	1542463	1547091	1568102	1578839	1567444
21	10000	1525759	1518602	1509545	1524197	1525834	1516181	1506369	1561423	1552570	1546552
21	100000	1503947	1496711	1493227	1510555	1505327	1506768	1495340	1545986	1539442	1535180
21	1000000	1490645	1486707	1486846	1490181	1491901	1490329	1488937	1537703	1527833	1523389
21	10000000	1487419	1482278	1478421	1476721	1480039	1481828	1477543	1520993	1523905	1516305
22	100	1543702	1518852	1520956	1546044	1538726	1539091	1531186	1549316	1552418	1556106
22	1000	1510895	1510339	1501477	1506868	1511056	1501330	1496992	1541124	1519306	1538302
22	10000	1480427	1478194	1473388	1475296	1478953	1477469	1467063	1522068	1501566	1517704
22	100000	1461171	1453666	1449554	1455731	1456475	1461400	1448484	1499984	1490682	1496334
22	1000000	1447439	1441622	1446669	1450614	1451230	1443543	1446295	1491352	1489519	1475922
22	10000000	1439652	1433887	1434505	1439782	1439387	1436430	1435602	1477917	1478078	1464794
23	100	1537727	1555221	1555054	1558766	1541971	1563492	1545941	1550678	1569614	1553447
23	1000	1514629	1510845	1524660	1520041	1517760	1522357	1506105	1547166	1553492	1547801
23	10000	1493553	1483075	1479262	1499299	1480856	1489818	1472476	1530332	1522550	1517986
23	100000	1476330	1471569	1464111	1473523	1461229	1460209	1455727	1513367	1515694	1502851
23	1000000	1460856	1459608	1448699	1461673	1459404	1456377	1455635	1503178	1487400	1498724
23	10000000	1450974	1447914	1444607	1448796	1441792	1442409	1446679	1491072	1487483	1473249
24	100	1600313	1590380	1597607	1595355	1592771	1587579	1588904	1615841	1615252	1618397
24	1000	1570334	1561288	1557712	1565986	1567035	1571742	1566612	1598576	1590414	1594995
24	10000	1549567	1537213	1532732	1535159	1535510	1535704	1531665	1578519	1582180	1568233
24	100000	1527649	1517163	1509177	1517448	1520371	1519111	1515772	1568476	1563545	1551769
24	1000000	1512996	1508209	1504251	1515758	1513659	1509392	1506669	1553461	1545889	1550621
24	10000000	1504310	1499287	1497144	1500712	1497913	1500611	1493927	1546945	1535999	1535729
25	100	1521213	1516277	1504265	1524342	1513126	1508854	1515164	1536015	1537359	1541414
25	1000	1492998	1487065	1466071	1480774	1479741	1478989	1482999	1517882	1509929	1507067
25	10000	1460540	1446674	1456619	1464215	1455418	1456757	1445234	1493429	1500575	1496908
25	100000	1446082	1427391	1438935	1441181	1437018	1438127	1431991	1472925	1469526	1476461
25	1000000	1424246	1418534	1424745	1418102	1422048	1419224	1422776	1470374	1461019	1465766
25	10000000	1412591	1413284	1412233	1418686	1412755	1415652	1411165	1459826	1458352	1445795
26	100	1556037	1551499	1546779	1538528	1543114	1547606	1555391	1568711	1557313	1565903
26	1000	1521007	1519021	1513298	1521602	1520406	1511159	1511011	1539386	1543443	1544404
26	10000	1482654	1492943	1480692	1490290	1489889	1481189	1467406	1529525	1521577	1526477
26	100000	1468362	1462182	1462317	1469022	1466235	1456333	1462483	1519000	1504601	1491597
26	1000000	1459343	1444018	1453717	1454232	1458713	1452409	1449819	1502157	1489047	1489394
26	10000000	1447749	1444094	1440293	1443640	1444840	1444173	1441985	1492595	1480860	1480648
27	100	1559400	1557845	1564977	1565498	1568981	1569523	1543820	1568880	1569816	1568352
27	1000	1525674	1524287	1516706	1531411	1535533	1524436	1529160	1557474	1561644	1549344
27	10000	1500420	1495588	1489549	1502630	1495943	1507270	1490410	1536943	1533355	1525530
27	100000	1492149	1475842	1472529	1480484	1476474	1480186	1474500	1516226	1523050	1513711
27	1000000	1466318	1459940	1462086	1471612	1464395	1463023	1459661	1515946	1503675	1505550
27	10000000	1458610	1458735	1459689	1454441	1457064	1456860	1455076	1502721	1499190	1492978
28	100	1577081	1560918	1552247	1569601	1572104	1580975	1565023	1592710	1582915	1579425
28	1000	1550312	1544555	1530965	1552837	1537822	1539021	1537456	1558391	1561762	1547588
28	10000	1510706	1507258	1502207	1512040	1507276	1504439	1501164	1551080	1540189	1537802
28	100000	1497214	1481009	1486440	1497142	1489188	1488713	1485173	1534126	1530655	1525500
28	1000000	1480205	1475130	1467105	1479033	1475454	1479659	1479194	1527064	1515787	1509285
28	10000000	1468351	1468497	1463204	1468799	1469514	1463832	1460113	1511216	1508502	1498233
29	100	1559558	1562907	1560808	1552171	1550973	1561408	1568824	1580730	1559634	1562246
29	1000	1526589	1522427	1525505	1536115	1525448	1511102	1515535	1563768	1544879	1551196
29	10000	1504739	1491874	1498298	1489834	1496964	1485634	1489625	1526002	1524784	1529183
29	100000	1485977	1470764	1465005	1479939	1470006	1471163	1465533	1517561	1518367	1511710
29	1000000	1466555	1464530	1455980	1469162	1462431	1461440	1459440	1508446	1498906	1498783
29	10000000	1456087	1452769	1454602	1450319	1452216	1456002	1452246	1495583	1488422	1491327
30	100	1585108	1589448	1592302	1584786	1577379	1580974	1580749	1603874	1597289	1606821
30	1000	1565997	1555806	1543603	1559672	1557953	1551052	1540006	1589948	1590214	1588381
30	10000	1540651	1518022	1520622	1538948	1522981	1523247	1520591	1560733	1556572	1556071
30	100000	1513715	1502181	1503347	1507995	1499572	1506806	1506113	1552717	1545639	1543246
30	1000000	1501710	1496913	1496414	1493863	1496718	1491344	1489432	1543929	1532586	1534293
30	10000000	1488571	1486331	1485013	1488791	1487979	1487232	1480441	1530802	1526992	1520637
31	100	1549662	1555048	1548362	1549053	1545286	1545990	1545831	1556312	1557347	1568751
31	1000	1499134	1517043	1514651	1511531	1520709	1529610	1509040	1558580	1539320	1549749
31	10000	1482646	1481620	1484946	1493628	1487564	1496855	1488609	1542092	1526170	1524014
31	100000	1478826	1462696	1468733	1477663	1472899	1476024	1470809	1513757	1494614	1502201
31	1000000	1457406	1451760	1459597	1460426	1459190	1457060	1458935	1501659	1496169	1494968
31	10000000	1456993	1449181	1442789	1448473	1448484	1445739	1439192	1492390	1486847	1482335
32	100	1541875	1530357	1547946	1543570	1539592	1551401	1528984	1549540	1552752	1553555
32	1000	1517753	1513080	1505127	1509288	1512022	1503553	1497213	1536202	1531670	1535021
32	10000	1489317	1480211	1479973	1489356	1490508	1470786	1472216	1512042	1514461	1523553
32	100000	1457161	1454185	1451552	1469254	1463159	1457946	1454673	1512366	1502534	1488272
32	1000000	1453585	1445304	1442011	1452107	1449886	1443196	1444296	1493105	1492388	1477667
32	10000000	1443103	1441494	1437468	1437524	1439812	1439568	1439004	1485678	1485042	1466227
33	100	1534269	1536150	1529565	1533632	1534888	1534783	1538338	1543771	1547884	1543877
33	1000	1499144	1488619	1488982	1498236	1505285	1492915	1497461	1523982	1528209	1518774
33	10000	1465888	1473980	1457835	1471367	1462028	1464669	1462655	1507540	1508799	1496389
33	100000	1445249	1447951	1446779	1458522	1449010	1450226	1440145	1492593	1487265	1487554
33	1000000	1439120	1439044	1433400	1442525	1440212	1440467	1438892	1477457	1478649	1472786
33	10000000	1428938	1425707	1427362	1431195	1434312	1430183	1427569	1472034	1469555	1462748
34	100	1560157	1540825	1562379	1565258	1560574	1561848	1548768	1566589	1569808	1574843
34	1000	1534336	1533439	1521403	1542062	1533451	1529393	1512274	1560927	1565098	1555233
34	10000	1499755	1508030	1502506	1505471	1506759	1504579	1484312	1545276	1541199	1537314
34	100000	1492191	1484920	1484796	1491325	1481065	1475475	1483163	1531192	1516430	1516370
34	1000000	1473526	1471482	1462134	1478815	1476311	1470278	1472216	1514915	1512251	1507360
34	10000000	1464731	1461123	1462610	1465085	1465722	1461702	1459753	1512406	1503427	1491347
35	100	1579907	1568445	1563491	1565869	1573440	1574543	1573238	1593806	1585985	1581324
35	1000	1550099	1549681	1546055	1539864	1539045	1540597	1531474	1563672	1553296	1567855
35	10000	1523953	1505477	1503207	1517631	1518515	1507652	1503740	1553796	1541961	1542126
35	100000	1492449	1488037	1486326	1493984	1491813	1483631	1488741	1540955	1533675	1518193
35	1000000	1483342	1471890	1477538	1481218	1483614	1473812	1477449	1523224	1520696	1524064
35	10000000	1474007	1469597	1471112	1476120	1470409	1468577	1466814	1515765	1508180	1501588
36	100	1528481	1520069	1522446	1537055	1526239	1531460	1517389	1552588	1534818	1548079
36	1000	1496220	1492184	1492790	1492933	1491140	1490658	1488801	1509905	1530900	1520634
36	10000	1465308	1458383	1447168	1473652	1466957	1454038	1457177	1511818	1497590	1498282
36	100000	1457159	1449691	1440951	1447385	1448149	1438292	1434787	1487444	1483679	1477992
36	1000000	1438101	1431295	1435814	1435440	1438618	1435306	1432677	1465197	1475883	1470953
36	10000000	1429416	1421213	1425557	1424528	1426753	1425302	1421210	1460501	1464282	1464181
37	100	1480060	1486088	1470924	1472748	1460270	1482704	1470843	1488272	1482209	1486147
37	1000	1449588	1438371	1427560	1447072	1437029	1438178	1431093	1462408	1454744	1456676
37	10000	1421980	1413764	1406748	1408006	1412227	1403182	1411375	1446458	1452225	1450087
37	100000	1396113	1390127	1387780	1392689	1393824	1380895	1381723	1441201	1427123	1428232
37	1000000	1385492	1380183	1378811	1380791	1385425	1382329	1377196	1423404	1408173	1420849
37	10000000	1373880	1369732	1368663	1375102	1370537	1375238	1368641	1415348	1407718	1406657
38	100	1532678	1524339	1517992	1525409	1535131	1515775	1519261	1535209	1545880	1534326
38	1000	1501553	1486847	1490113	1488811	1495169	1489678	1486930	1519669	1519654	1527384
38	10000	1472201	1461617	1454372	1462174	1465371	1466447	1451757	1503853	1501579	1500477
38	100000	1445302	1437066	1438656	1448525	1445524	1452459	1439368	1495850	1478092	1488279
38	1000000	1439771	1432679	1427046	1440349	1438331	1432100	1432623	1476518	1470766	1468926
38	10000000	1424126	1424081	1423007	1421861	1421930	1421724	1422056	1471528	1462102	1463799
39	100	1536060	1547929	1530385	1523309	1533911	1522382	1531631	1561369	1540483	1552326
39	1000	1508190	1506121	1497606	1505300	1516950	1501538	1495565	1546785	1521073	1531388
39	10000	1477058	1476126	1471442	1472924	1470540	1470102	1472680	1517033	1508409	1515203
39	100000	1457411	1462568	1452225	1456865	1446279	1450857	1445999	1500142	1492569	1500490
39	1000000	1445135	1442361	1444114	1446345	1445373	1441766	1441862	1490720	1486183	1483382
39	10000000	1438152	1436352	1430774	1436041	1430312	1434258	1432322	1481437	1470272	1474418
40	100	1535071	1516987	1546209	1538219	1528154	1525385	1536626	1539598	1542797	1550577
40	1000	1511566	1497714	1492771	1498161	1507014	1505709	1500673	1536698	1533355	1528776
40	10000	1470092	1470238	1467491	1477182	1484437	1462913	1466779	1518090	1503592	1505954
40	100000	1462734	1452286	1451792	1448422	1447612	1450586	1445628	1506310	1491384	1489207
40	1000000	1446763	1440807	1442522	1444655	1442657	1438566	1433904	1486691	1480200	1479029
40	10000000	1433237	1432592	1431044	1433909	1434723	1435813	1427713	1484898	1473914	1468434
41	100	1535356	1537570	1535938	1542496	1549397	1530780	1542061	1563307	1558195	1561234
41	1000	1530356	1503725	1502426	1516862	1511006	1513720	1504132	1537467	1540469	1536978
41	10000	1490048	1485972	1466902	1482274	1485776	1481597	1468600	1524772	1513527	1523151
41	100000	1461028	1458236	1458965	1464367	1458805	1456044	1454601	1503409	1499802	1507072
41	1000000	1447776	1452608	1446887	1451512	1450806	1442388	1447727	1498082	1491669	1477183
41	10000000	1444966	1441142	1440064	1440355	1442378	1434807	1439493	1488583	1480903	1472988
42	100	1533746	1529503	1528635	1529669	1523497	1543722	1516349	1545069	1534599	1535278
42	1000	1499632	1491440	1486395	1496412	1495751	1492110	1482283	1526756	1523186	1522478
42	10000	1467138	1465264	1447921	1467111	1468360	1465075	1447473	1501019	1489872	1491529
42	100000	1450481	1445965	1436146	1452357	1446811	1440211	1425415	1492905	1479338	1478546
42	1000000	1441351	1433147	1429589	1434737	1437139	1432776	1430145	1479847	1476582	1468816
42	10000000	1430850	1428894	1415062	1428530	1426540	1422035	1419670	1465101	1462962	1460321
43	100	1547993	1545877	1556075	1560439	1561432	1555329	1555750	1571331	1579975	1562278
43	1000	1532615	1522568	1516945	1522933	1518110	1514341	1515470	1538653	1547617	1556291
43	10000	1498057	1490551	1489187	1496829	1493616	1491115	1494780	1525112	1534529	1522037
43	100000	1479055	1474561	1468512	1475094	1474316	1466309	1467419	1525897	1507847	1508816
43	1000000	1463346	1463725	1463876	1469401	1457238	1463433	1446043	1507474	1502375	1504731
43	10000000	1457298	1453480	1450226	1455345	1453997	1452687	1449048	1492951	1496870	1491023
44	100	1528123	1492740	1514378	1505234	1502291	1512498	1500214	1521407	1523803	1518530
44	1000	1482052	1479506	1467902	1477003	1473714	1478597	1467335	1513895	1506608	1509040
44	10000	1458237	1428005	1447427	1452486	1441429	1452682	1440041	1488226	1490355	1479346
44	100000	1432945	1415359	1423970	1430478	1426618	1424397	1420404	1476835	1461736	1462916
44	1000000	1421208	1413789	1418102	1415743	1416140	1419525	1409050	1468073	1459789	1458374
44	10000000	1406947	1410121	1403479	1409899	1409372	1406563	1403892	1454381	1447135	1443571
45	100	1589652	1584536	1562775	1581332	1569433	1567240	1577961	1587218	1591547	1594893
45	1000	1549375	1550417	1544588	1545359	1537347	1543886	1531251	1580651	1570841	1575108
45	10000	1519236	1510404	1512357	1517434	1512549	1504223	1500832	1565481	1555883	1551218
45	100000	1493399	1494551	1498623	1488016	1501195	1496982	1491133	1543486	1541173	1537896
45	1000000	1492040	1485324	1487896	1489839	1490687	1480764	1482939	1527602	1526584	1517845
45	10000000	1477228	1475292	1474843	1475614	1472409	1472964	1473380	1525524	1518649	1512552
46	100	1530650	1521880	1534217	1530991	1528551	1523019	1516353	1537723	1529925	1530237
46	1000	1498802	1489819	1490427	1498239	1494157	1484979	1485103	1523217	1526638	1513055
46	10000	1468728	1451059	1459310	1466352	1464262	1454151	1448079	1505105	1507341	1497138
46	100000	1450415	1435904	1431356	1437449	1443160	1440995	1433068	1494710	1480564	1482805
46	1000000	1432172	1433262	1427226	1438112	1428728	1432137	1430191	1479506	1469213	1466874
46	10000000	1426503	1422253	1421930	1425698	1421969	1414368	1424934	1467720	1460604	1458644
47	100	1559451	1552952	1541401	1551092	1543500	1526192	1547760	1560300	1563553	1561402
47	1000	1531700	1506285	1513849	1518255	1509238	1525115	1514949	1542067	1534287	1531510
47	10000	1496210	1481075	1477184	1478638	1488208	1479269	1475166	1527623	1526595	1523145
47	100000	1469056	1460871	1458902	1467830	1460072	1462628	1456012	1513272	1506323	1501352
47	1000000	1458954	1455611	1453555	1458078	1456157	1451366	1446049	1509104	1496898	1496801
47	10000000	1447211	1445947	1443822	1444892	1444634	1444315	1440954	1489796	1481142	1483026
48	100	1512820	1516897	1491464	1498363	1513260	1517039	1514784	1537916	1527603	1520892
48	1000	1487871	1476740	1471908	1486475	1482021	1471702	1466319	1519342	1511083	1512523
48	10000	1454083	1451252	1448043	1459895	1447694	1447912	1439515	1485465	1479954	1485301
48	100000	1439927	1434601	1425704	1425554	1429139	1428477	1415946	1472618	1470233	1473190
48	1000000	1423084	1420197	1416491	1421287	1417906	1415553	1421539	1470661	1461662	1459216
48	10000000	1413854	1413395	1408667	1411724	1407025	1412979	1411040	1460826	1448901	1439731
49	100	1555912	1538126	1552543	1553649	1550857	1562814	1556412	1568961	1565253	1567080
49	1000	1527112	1514331	1515299	1525168	1522836	1519272	1509917	1550123	1550873	1556324
49	10000	1502210	1487143	1480658	1494040	1493729	1494953	1482593	1531635	1527713	1525773
49	100000	1477124	1467839	1469677	1471317	1480187	1466392	1471208	1522856	1513516	1507437
49	1000000	1464509	1460575	1460989	1465566	1462872	1453686	1460218	1503238	1499361	1498121
49	10000000	1454474	1456849	1451646	1456182	1454584	1451809	1451603	1497908	1488695	1485390
50	100	1537368	1539275	1525606	1540304	1548290	1522055	1533756	1553976	1556659	1544481
50	1000	1518845	1504903	1497901	1514069	1510940	1503860	1500194	1534935	1533647	1523300
50	10000	1478636	1476363	1477817	1478590	1482513	1469273	1453183	1520172	1509651	1500738
50	100000	1469493	1455239	1451245	1454010	1464011	1458215	1444997	1492354	1494624	1491298
50	1000000	1448207	1444571	1444924	1439533	1439015	1442802	1442205	1496023	1487853	1479185
50	10000000	1435432	1438574	1434126	1438026	1434992	1434855	1430602	1476399	1474173	1471480
