Instance	Evaluations	Cycle(0.5)	Cycle(0.4)	Cycle(0.3)	Cycle(0.2)	Cycle(0.1)
1	100	6347510	6341958	6354603	6363280	6347404
1	1000	6262951	6259530	6252769	6232590	6248422
1	10000	6158152	6152931	6173551	6153268	6145382
1	100000	6078682	6089090	6080637	6076276	6073978
1	1000000	6044771	6042042	6041016	6043658	6029435
2	100	6342978	6349080	6290942	6308178	6323965
2	1000	6240898	6240264	6232197	6246706	6223957
2	10000	6165524	6129637	6155841	6119147	6126622
2	100000	6085715	6055982	6064946	6050644	6073310
2	1000000	6041589	6040624	6036493	6032009	6020249
3	100	6448934	6434980	6409274	6412279	6393082
3	1000	6315703	6335959	6344341	6312743	6310870
3	10000	6243507	6231217	6196917	6228964	6220355
3	100000	6169859	6166567	6163314	6142808	6137429
3	1000000	6118039	6127561	6134879	6084622	6118336
4	100	6370469	6368307	6386385	6372623	6360585
4	1000	6284674	6277518	6258625	6300082	6285338
4	10000	6186926	6198878	6192802	6150598	6170181
4	100000	6107065	6125211	6109586	6081363	6100649
4	1000000	6066664	6062642	6079650	6070273	6064560
5	100	6411377	6380567	6395119	6346937	6382843
5	1000	6316076	6290148	6297765	6289407	6293204
5	10000	6219358	6184418	6198466	6197039	6182874
5	100000	6123548	6131409	6107985	6108785	6117503
5	1000000	6076494	6094585	6060573	6074133	6079905
6	100	6317411	6363491	6303108	6335519	6319787
6	1000	6258919	6262548	6247287	6258323	6230672
6	10000	6128170	6136708	6135426	6137259	6093697
6	100000	6074294	6060018	6057084	6068616	6071190
6	1000000	6034003	6036513	6030672	6036693	6021939
7	100	6383336	6375725	6343025	6358205	6381187
7	1000	6311854	6257675	6263249	6269757	6247304
7	10000	6170306	6179677	6147481	6162126	6149374
7	100000	6094160	6098392	6083825	6082252	6067298
7	1000000	6054364	6040330	6045509	6051895	6057193
8	100	6338262	6340271	6355726	6335275	6357685
8	1000	6241999	6226448	6238079	6245680	6210144
8	10000	6150716	6140330	6133413	6170134	6125410
8	100000	6092048	6084894	6070083	6075894	6060597
8	1000000	6044514	6053382	6022922	6037021	6024042
9	100	6252957	6267010	6278012	6270507	6221513
9	1000	6161827	6163131	6159339	6159622	6143269
9	10000	6052297	6077159	6068836	6068306	6058289
9	100000	6009196	5981660	6002066	5972638	5988074
9	1000000	5966383	5950977	5955627	5961654	5973985
10	100	6323948	6326886	6323862	6322247	6310624
10	1000	6235449	6227698	6246188	6225671	6203674
10	10000	6125919	6106938	6125960	6107425	6106697
10	100000	6071531	6046216	6058761	6071837	6067992
10	1000000	6010574	6024174	6027026	6011293	6021549
11	100	6312790	6295854	6343896	6303664	6287008
11	1000	6216675	6221278	6228729	6207255	6197415
11	10000	6134496	6120117	6095857	6119618	6102946
11	100000	6057599	6051566	6043989	6042132	6051456
11	1000000	6004759	6007468	6012062	6015964	5991425
12	100	6378331	6397091	6412555	6366382	6384153
12	1000	6306438	6296270	6282906	6264165	6286243
12	10000	6195207	6189016	6173946	6177797	6166898
12	100000	6135099	6124693	6110041	6103413	6096356
12	1000000	6090141	6098226	6086356	6076875	6064392
13	100	6330897	6343224	6312698	6328884	6298786
13	1000	6204385	6216912	6189447	6197661	6206118
13	10000	6092588	6110243	6100910	6116585	6090455
13	100000	6054336	6050885	6034052	6041884	6028298
13	1000000	5998047	5994552	5996914	5995743	6008304
14	100	6317265	6305843	6316953	6315088	6274643
14	1000	6203210	6219415	6204672	6198141	6198337
14	10000	6112924	6120368	6110794	6097567	6102275
14	100000	6048993	6043389	6046998	6049830	6040682
14	1000000	6015455	6001935	6005691	6000722	5985525
15	100	6325418	6331046	6290552	6335350	6367890
15	1000	6240262	6227917	6219063	6250411	6220151
15	10000	6133555	6146131	6142043	6142191	6122905
15	100000	6063164	6063557	6059031	6045891	6054867
15	1000000	6027802	6020396	6030389	6020328	6011414
16	100	6259375	6276029	6240654	6260723	6237077
16	1000	6176430	6170176	6160979	6153375	6165595
16	10000	6058615	6051778	6040103	6072563	6058861
16	100000	5999907	5977363	5994778	5969399	5975058
16	1000000	5963101	5951063	5955689	5951081	5938438
17	100	6292209	6280659	6323777	6341905	6283293
17	1000	6212006	6194936	6192510	6192751	6188552
17	10000	6123434	6118672	6075564	6089708	6098957
17	100000	6041293	6032963	6042488	6033581	6038901
17	1000000	6004025	5975559	6009570	5973925	5998154
18	100	6328289	6308047	6308446	6333275	6315278
18	1000	6241534	6219806	6231316	6237113	6233393
18	10000	6123870	6144045	6120774	6122143	6133284
18	100000	6086855	6067048	6078393	6059199	6039214
18	1000000	6028272	6033498	6019216	6024426	6033334
19	100	6339799	6358185	6334344	6332028	6316980
19	1000	6242333	6220455	6237443	6240704	6240485
19	10000	6146684	6140747	6122516	6145185	6124600
19	100000	6062659	6056763	6051605	6066802	6074829
19	1000000	6031976	6040184	6027538	6033009	6023031
20	100	6265956	6280621	6298988	6280307	6287518
20	1000	6164861	6155669	6185156	6203627	6187640
20	10000	6104517	6107912	6107817	6072201	6070734
20	100000	6023302	6007632	6012387	5998441	6022856
20	1000000	5973282	5998364	5983528	5984940	5974412
21	100	6393281	6427512	6406862	6387524	6398188
21	1000	6322330	6293690	6327586	6302911	6294481
21	10000	6204155	6199912	6194981	6198108	6214450
21	100000	6162091	6135295	6152178	6123135	6132411
21	1000000	6101249	6106949	6107975	6095447	6087144
22	100	6355172	6333179	6348835	6355967	6341883
22	1000	6259421	6269160	6265526	6251832	6258579
22	10000	6164704	6173461	6160820	6151551	6151580
22	100000	6113528	6084729	6073792	6066669	6073496
22	1000000	6052166	6069171	6062048	6050875	6038562
23	100	6282676	6264263	6270361	6251012	6258468
23	1000	6172806	6178854	6157089	6185715	6181053
23	10000	6089218	6087871	6076337	6073324	6055192
23	100000	6011396	6001609	5993536	5991152	5995834
23	1000000	5969797	5975112	5955744	5960624	5969741
24	100	6376155	6409620	6410561	6417545	6426332
24	1000	6315374	6307597	6319568	6310738	6300624
24	10000	6212259	6213208	6196368	6203463	6203234
24	100000	6136948	6132486	6141017	6116523	6131956
24	1000000	6105484	6104041	6085558	6103886	6101340
25	100	6307555	6314035	6290566	6321681	6327613
25	1000	6233900	6230422	6209719	6214371	6203920
25	10000	6122528	6114237	6114586	6102569	6098168
25	100000	6064565	6042343	6040343	6039563	6033349
25	1000000	6005453	6000221	6009539	6003072	5982163
26	100	6359365	6378289	6406940	6378969	6385513
26	1000	6281715	6299417	6291855	6269921	6274425
26	10000	6210499	6212897	6175200	6186896	6180132
26	100000	6115691	6120906	6107648	6118596	6106874
26	1000000	6088374	6067383	6077210	6063893	6070146
27	100	6341766	6355699	6314218	6329486	6345537
27	1000	6235518	6238215	6247130	6244100	6219600
27	10000	6150505	6142686	6138572	6126730	6139575
27	100000	6076576	6082181	6077232	6071309	6063510
27	1000000	6010412	6041066	6047677	6029473	6035016
28	100	6341660	6280838	6307986	6303133	6311051
28	1000	6208625	6207186	6205407	6189400	6210483
28	10000	6128648	6122570	6118799	6114728	6100253
28	100000	6049044	6042558	6057510	6050365	6033044
28	1000000	6016848	6002259	6005263	6005245	5997262
29	100	6278750	6312468	6300506	6294189	6287447
29	1000	6217137	6208422	6216308	6224012	6225105
29	10000	6116860	6113280	6102457	6108883	6091566
29	100000	6043396	6046270	6037493	6023859	6049592
29	1000000	6013290	5983646	5990364	5981266	6001884
30	100	6401684	6427340	6445033	6410563	6411773
30	1000	6337383	6345544	6316828	6328758	6350152
30	10000	6249446	6218717	6255468	6217664	6214066
30	100000	6159940	6172879	6150127	6156377	6168934
30	1000000	6135614	6113091	6114957	6110471	6119595
31	100	6310857	6289263	6295322	6251702	6298605
31	1000	6190057	6204215	6198013	6179210	6193619
31	10000	6106290	6100865	6108662	6089086	6079178
31	100000	6039241	6030237	6019367	6011611	6027736
31	1000000	6008466	5984343	5987812	5988511	5968306
32	100	6438225	6385976	6363463	6376538	6370721
32	1000	6314659	6289245	6267851	6294687	6272258
32	10000	6196338	6189232	6171352	6187232	6174117
32	100000	6125599	6119013	6109480	6103823	6102968
32	1000000	6080598	6072609	6086688	6069842	6070957
33	100	6361029	6377790	6321287	6331449	6321972
33	1000	6261305	6255814	6250562	6240958	6249048
33	10000	6166155	6148828	6159904	6137557	6157787
33	100000	6078904	6077090	6086736	6078988	6062346
33	1000000	6050051	6045138	6052128	6034469	6028921
34	100	6348897	6356956	6371494	6344557	6357351
34	1000	6286421	6227814	6247546	6224480	6255506
34	10000	6159841	6160636	6146677	6139473	6141296
34	100000	6081383	6087580	6109865	6091497	6092613
34	1000000	6065825	6058576	6037912	6056397	6042882
35	100	6321077	6294228	6319794	6326232	6306226
35	1000	6247892	6230848	6213743	6224826	6216501
35	10000	6151071	6125674	6117360	6106077	6108089
35	100000	6070437	6067053	6044924	6057189	6046376
35	1000000	6030952	6031851	6024381	6030155	6009778
36	100	6242849	6270548	6244446	6243064	6247961
36	1000	6163353	6170413	6170170	6174877	6151869
36	10000	6072464	6044982	6057979	6054929	6060079
36	100000	6009884	5975951	5994717	5973793	5982370
36	1000000	5971883	5962608	5941871	5966522	5948812
37	100	6248425	6277275	6262127	6248841	6252066
37	1000	6173927	6184017	6150462	6145605	6135340
37	10000	6068487	6063994	6061791	6049684	6044209
37	100000	6010857	6008716	5969635	5996195	5971941
37	1000000	5980558	5962267	5951697	5963591	5952897
38	100	6316509	6343140	6312987	6300954	6312938
38	1000	6225352	6231702	6220401	6219772	6224321
38	10000	6132399	6122864	6135166	6111501	6111924
38	100000	6070930	6054065	6069123	6063559	6037334
38	1000000	6025071	6021249	6018799	6016783	6040023
39	100	6354833	6320581	6334631	6337527	6316161
39	1000	6223529	6230237	6245846	6218956	6211873
39	10000	6142056	6137186	6143885	6130052	6106586
39	100000	6065168	6070956	6058252	6048952	6043645
39	1000000	6020841	6025764	5989054	6041340	6005674
40	100	6261384	6241467	6269733	6289506	6259189
40	1000	6157726	6150474	6190677	6175647	6170014
40	10000	6069643	6074256	6065164	6059878	6062270
40	100000	6009838	6002894	5983757	6009116	5992658
40	1000000	5972782	5961122	5968944	5959391	5962191
41	100	6344655	6326216	6330293	6341033	6340546
41	1000	6231173	6227091	6227357	6236546	6235611
41	10000	6124185	6133170	6154162	6131895	6112459
41	100000	6047884	6055734	6055037	6069395	6039520
41	1000000	6026909	6028687	6012282	6011862	6021446
42	100	6370971	6365550	6374545	6376535	6345950
42	1000	6294409	6297533	6283078	6286976	6268557
42	10000	6186221	6182531	6170268	6170216	6167399
42	100000	6124159	6112620	6108245	6101395	6097416
42	1000000	6087653	6079432	6074657	6062888	6082483
43	100	6350363	6310122	6296749	6304783	6316537
43	1000	6249203	6275672	6217907	6242993	6226053
43	10000	6165397	6142063	6138828	6132822	6151335
43	100000	6073506	6075250	6076770	6053556	6069991
43	1000000	6035408	6045352	6038012	6032390	6021999
44	100	6292124	6256931	6280637	6245376	6268438
44	1000	6208528	6184775	6171353	6171296	6187892
44	10000	6082553	6087027	6081508	6053448	6064574
44	100000	5986911	6016308	6003451	5995997	6007504
44	1000000	5993335	5971651	5954607	5950670	5955315
45	100	6346397	6338678	6358548	6342009	6344073
45	1000	6259059	6255889	6261630	6255549	6235488
45	10000	6138660	6161162	6154916	6140110	6135041
45	100000	6099876	6082381	6103052	6097553	6069847
45	1000000	6061743	6055688	6040944	6055398	6024677
46	100	6289694	6294683	6305247	6286672	6291192
46	1000	6191306	6179111	6212997	6182249	6176953
46	10000	6122108	6102632	6076738	6086584	6094257
46	100000	6025548	6013950	6024011	6018252	6024041
46	1000000	6001433	5990680	5984204	5980136	5992710
47	100	6431518	6428426	6414059	6382173	6427941
47	1000	6338112	6327331	6336718	6309655	6321697
47	10000	6231989	6214464	6230161	6237110	6215604
47	100000	6178747	6147387	6144064	6141772	6152497
47	1000000	6115789	6123647	6108598	6110366	6106145
48	100	6346577	6340039	6342938	6319270	6342412
48	1000	6251380	6252511	6240993	6234618	6216356
48	10000	6146605	6146680	6132400	6114401	6141957
48	100000	6065204	6070522	6051679	6071524	6063565
48	1000000	6048565	6035505	6030199	6025276	6031414
49	100	6350707	6387480	6362606	6404593	6376629
49	1000	6267662	6297136	6267227	6255410	6263148
49	10000	6157003	6163355	6154736	6137235	6165736
49	100000	6089666	6108625	6104105	6082018	6077439
49	1000000	6065601	6053246	6039729	6048658	6059026
50	100	6337385	6289600	6258493	6279129	6269538
50	1000	6190181	6192897	6168136	6187778	6195342
50	10000	6073391	6079215	6071054	6074580	6069593
50	100000	6018077	6020971	6024282	5998759	6025428
50	1000000	5985066	5976457	5965043	5991703	5978102
51	100	6319437	6301779	6301974	6319589	6290197
51	1000	6221268	6206205	6205242	6196745	6201351
51	10000	6085976	6102114	6101764	6089877	6064924
51	100000	6044848	6020740	6018407	6041015	6019768
51	1000000	5988458	5988264	5988355	6000716	5981627
52	100	6381592	6362212	6365595	6359679	6347529
52	1000	6270836	6251646	6249023	6264792	6241930
52	10000	6162157	6175897	6139955	6144191	6153267
52	100000	6098050	6092288	6094227	6081863	6099679
52	1000000	6036647	6065487	6053558	6041532	6040979
53	100	6342268	6351691	6335559	6348911	6347396
53	1000	6267863	6257114	6250111	6262766	6271848
53	10000	6148991	6142219	6153858	6144926	6139009
53	100000	6093086	6094080	6088203	6077062	6061988
53	1000000	6051777	6023288	6029680	6050950	6054398
54	100	6384010	6366821	6357916	6378856	6364574
54	1000	6285447	6255744	6275649	6262879	6254674
54	10000	6159226	6162578	6151579	6159896	6141354
54	100000	6095619	6109558	6081695	6077778	6065826
54	1000000	6062729	6057329	6061542	6063497	6042963
55	100	6320632	6329990	6322812	6314275	6303865
55	1000	6222084	6230637	6205942	6211666	6179362
55	10000	6117752	6123397	6093719	6094011	6089711
55	100000	6033354	6047504	6034789	6029253	6042940
55	1000000	6009446	6000822	6007537	6014328	5996370
56	100	6403210	6419323	6435629	6401821	6422838
56	1000	6311286	6352179	6337731	6306956	6325524
56	10000	6225014	6215010	6234452	6225495	6231651
56	100000	6166956	6154080	6141939	6166132	6126620
56	1000000	6113423	6112224	6115955	6100456	6111605
57	100	6284314	6311014	6302148	6287227	6306291
57	1000	6192839	6204668	6201622	6202968	6206095
57	10000	6117919	6126345	6088323	6084149	6095755
57	100000	6040756	6035758	6027215	6038491	6026495
57	1000000	6002051	6002747	6002426	5975870	5991873
58	100	6266522	6271484	6260894	6278678	6249239
58	1000	6168762	6161952	6208423	6157439	6166249
58	10000	6075414	6083975	6070171	6057713	6047294
58	100000	6019624	5995585	5993915	5993770	6008733
58	1000000	5982854	5975185	5966960	5965275	5959443
59	100	6319131	6332529	6337398	6332939	6305011
59	1000	6222661	6240296	6226334	6211768	6215138
59	10000	6127158	6132287	6120098	6133426	6128296
59	100000	6066024	6058419	6060900	6078117	6069508
59	1000000	6020166	6031732	6011649	6022632	6002865
60	100	6226858	6211608	6205578	6216485	6198863
60	1000	6139895	6126540	6118195	6135603	6127701
60	10000	6028477	6007449	6012328	6016063	6005664
60	100000	5939484	5944782	5943575	5928250	5944525
60	1000000	5889910	5899070	5926856	5924177	5908896
61	100	6319906	6299372	6321822	6348122	6345060
61	1000	6253198	6243223	6231244	6236080	6222833
61	10000	6138492	6136883	6141210	6127674	6134443
61	100000	6069569	6065039	6070246	6079095	6054209
61	1000000	6044496	6027614	6030069	6039639	6020926
62	100	6327757	6296696	6355533	6328965	6273540
62	1000	6221518	6263575	6224403	6222352	6238104
62	10000	6125734	6129030	6121638	6112259	6118199
62	100000	6065737	6049420	6062490	6054446	6062878
62	1000000	6011911	6000738	6004240	6009697	6022417
63	100	6334200	6378560	6355498	6338239	6326205
63	1000	6257404	6260087	6266816	6230092	6237884
63	10000	6173044	6157294	6140304	6149008	6130557
63	100000	6083363	6078677	6094213	6079168	6087251
63	1000000	6055615	6040677	6046354	6043508	6035116
64	100	6404378	6409231	6394364	6366744	6407806
64	1000	6286712	6307944	6311472	6278826	6316726
64	10000	6200451	6192630	6185042	6200063	6176701
64	100000	6147922	6126543	6113949	6130085	6115703
64	1000000	6097543	6111174	6091375	6085968	6097392
65	100	6356356	6341789	6332527	6344847	6331307
65	1000	6270848	6251831	6253982	6259765	6227986
65	10000	6171334	6131770	6151823	6164434	6145412
65	100000	6098215	6095028	6095324	6066313	6091247
65	1000000	6057802	6042058	6054637	6047037	6025510
66	100	6329075	6346657	6324551	6321149	6315710
66	1000	6232285	6223166	6216680	6218275	6236545
66	10000	6144330	6140080	6134202	6131435	6103503
66	100000	6078017	6079721	6073738	6049152	6044596
66	1000000	6046885	6020934	6034883	6041952	6038199
67	100	6280330	6277804	6230278	6275229	6284495
67	1000	6191260	6177773	6174762	6185116	6187954
67	10000	6096905	6079280	6093566	6091225	6053628
67	100000	6029215	5992012	6005324	6004722	6009404
67	1000000	5973192	5981334	5962066	5976636	5963486
68	100	6358323	6352639	6353687	6329287	6361038
68	1000	6255997	6272419	6264421	6279029	6229378
68	10000	6176212	6178804	6163591	6155800	6136493
68	100000	6089337	6097414	6076860	6085715	6083767
68	1000000	6067093	6061105	6063391	6052623	6046545
69	100	6378609	6335167	6345126	6336644	6313913
69	1000	6245860	6260171	6212421	6237477	6229744
69	10000	6151305	6121438	6137344	6155171	6132088
69	100000	6073404	6060144	6068407	6069282	6055343
69	1000000	6040215	6046408	6032267	6004110	6020962
70	100	6311608	6266048	6302001	6282270	6269283
70	1000	6209912	6206874	6195963	6189863	6203839
70	10000	6118849	6104221	6105409	6101848	6101553
70	100000	6030635	6035878	6021805	6028837	6024666
70	1000000	6006128	5988186	6002477	5995776	5991776
71	100	6362799	6355699	6352056	6346532	6350534
71	1000	6267433	6261984	6256485	6251777	6242201
71	10000	6155307	6178112	6152577	6141063	6145868
71	100000	6094239	6092418	6077323	6078384	6082867
71	1000000	6064453	6066140	6048222	6061934	6042429
72	100	6305576	6288631	6261529	6275315	6285838
72	1000	6183708	6183242	6187752	6171175	6208563
72	10000	6116503	6070816	6088849	6079566	6071934
72	100000	6021619	6007704	6026905	6021692	6013645
72	1000000	5990318	5989478	5990199	5967146	5978685
73	100	6349030	6363943	6371230	6325539	6380780
73	1000	6273172	6274154	6260867	6252601	6261674
73	10000	6177293	6169719	6175717	6153185	6153878
73	100000	6102061	6081219	6100013	6110971	6085342
73	1000000	6076288	6060201	6057617	6060531	6037364
74	100	6383568	6422516	6409225	6407422	6401628
74	1000	6295333	6307557	6314051	6289197	6293635
74	10000	6196387	6198517	6179499	6175557	6179938
74	100000	6126327	6140429	6130854	6121399	6125484
74	1000000	6097624	6063961	6082959	6086077	6080189
75	100	6392569	6386948	6399530	6390938	6393428
75	1000	6284895	6313050	6280190	6287467	6289155
75	10000	6206845	6188256	6189974	6176697	6182967
75	100000	6114730	6128588	6118837	6117896	6122703
75	1000000	6088487	6083209	6096721	6073015	6080324
76	100	6339846	6344152	6361865	6347874	6350399
76	1000	6259118	6276994	6274574	6266996	6264758
76	10000	6170924	6158282	6144746	6159793	6169645
76	100000	6098647	6089162	6098799	6075315	6078849
76	1000000	6060141	6076012	6058160	6052571	6052790
77	100	6404092	6413168	6419001	6411627	6405173
77	1000	6314383	6329896	6330571	6312275	6308020
77	10000	6221171	6215259	6218693	6226853	6196245
77	100000	6155732	6152631	6126279	6139746	6131580
77	1000000	6134876	6104485	6120523	6117178	6108071
78	100	6330358	6312602	6341845	6321680	6345234
78	1000	6230441	6231440	6238674	6217002	6220205
78	10000	6141949	6129508	6128479	6128739	6120309
78	100000	6081171	6079726	6050783	6062612	6047465
78	1000000	6019960	6037591	6012229	6012398	6026529
79	100	6449957	6466884	6443503	6428797	6448745
79	1000	6354990	6366902	6351016	6364418	6343442
79	10000	6269456	6242578	6233081	6247653	6235160
79	100000	6180713	6201533	6168403	6157753	6141917
79	1000000	6143306	6133501	6126858	6133091	6147483
80	100	6303515	6298362	6263270	6292312	6297476
80	1000	6201673	6199522	6171433	6189384	6167877
80	10000	6098253	6102439	6098447	6068405	6092717
80	100000	6030612	6026565	6014662	6033498	6003358
80	1000000	5987844	5995658	5977241	5982548	5977261
81	100	6315440	6327826	6335355	6324804	6324080
81	1000	6236644	6222728	6204357	6226493	6197180
81	10000	6120503	6122072	6117158	6108739	6099931
81	100000	6053421	6042254	6055000	6050725	6027415
81	1000000	6016406	6020639	6012863	6004245	5985827
82	100	6293269	6277991	6301073	6304941	6246239
82	1000	6193480	6206759	6182541	6184827	6181682
82	10000	6095699	6095889	6084933	6085845	6077484
82	100000	6025370	6022327	6033006	6009226	6014940
82	1000000	5986950	5994177	5973117	5978194	5988992
83	100	6315077	6303074	6287578	6310150	6314164
83	1000	6194796	6217289	6204834	6174650	6168534
83	10000	6124662	6085093	6092052	6116092	6099728
83	100000	6037454	6030215	6029965	6027605	6014434
83	1000000	6005771	5987270	5984747	5974062	6000433
84	100	6298105	6310277	6328909	6341942	6332025
84	1000	6258624	6210464	6234624	6256505	6230831
84	10000	6150248	6143241	6125637	6110048	6112804
84	100000	6067457	6079927	6066879	6078598	6054248
84	1000000	6031212	6023008	6035367	6034115	6028650
85	100	6332421	6333990	6338320	6308013	6334277
85	1000	6263299	6234694	6232785	6239467	6251357
85	10000	6139764	6136894	6140675	6151792	6106549
85	100000	6101197	6076739	6072418	6081731	6084290
85	1000000	6037391	6058972	6048621	6033641	6033715
86	100	6313424	6306254	6307771	6281088	6297510
86	1000	6214853	6200858	6199351	6202129	6215675
86	10000	6132932	6119573	6107838	6092121	6101153
86	100000	6058024	6040608	6041340	6035539	6027640
86	1000000	5998037	6006414	6000170	5997935	5995242
87	100	6435666	6398860	6395725	6418656	6419734
87	1000	6295650	6299023	6322426	6307097	6304888
87	10000	6211447	6211326	6206744	6198130	6194060
87	100000	6125744	6128921	6141116	6164317	6116049
87	1000000	6105923	6102027	6098222	6115946	6078543
88	100	6337441	6328262	6341200	6336544	6335108
88	1000	6229851	6233939	6217602	6224467	6233317
88	10000	6155001	6133678	6140525	6119434	6125221
88	100000	6066336	6061472	6074820	6044296	6071173
88	1000000	6044130	6035509	6035470	6045731	6019161
89	100	6288598	6258821	6265324	6251096	6252614
89	1000	6183181	6200375	6175882	6186928	6176728
89	10000	6084560	6059855	6089304	6066385	6062537
89	100000	6030924	6016084	6002131	5998255	5999843
89	1000000	5992590	5989934	5997379	5978446	5973792
90	100	6346436	6322861	6323701	6359253	6364657
90	1000	6249268	6236629	6216583	6220235	6236370
90	10000	6140884	6145871	6146045	6132535	6135448
90	100000	6072853	6089153	6046622	6076842	6063449
90	1000000	6051827	6040827	6035798	6026889	6029153
91	100	6236043	6226162	6212345	6247166	6205563
91	1000	6148782	6138313	6144886	6134222	6130977
91	10000	6061876	6039643	6038103	6017823	6034155
91	100000	5961061	5982211	5934241	5945312	5949352
91	1000000	5935198	5902138	5918301	5917197	5923839
92	100	6409829	6394878	6374646	6408829	6404992
92	1000	6308526	6312390	6304278	6292342	6326239
92	10000	6238082	6213862	6196842	6201216	6190014
92	100000	6146360	6157842	6135115	6125194	6148301
92	1000000	6105905	6101444	6102062	6116441	6101702
93	100	6355850	6334813	6362589	6317654	6337758
93	1000	6275577	6231835	6234679	6263239	6242820
93	10000	6155506	6154518	6164925	6125031	6148145
93	100000	6093856	6086505	6063558	6054517	6071713
93	1000000	6048481	6043977	6038816	6041011	6049271
94	100	6350500	6327155	6346090	6348410	6325391
94	1000	6234782	6259772	6254510	6222595	6249866
94	10000	6148371	6151559	6127288	6138766	6119870
94	100000	6076260	6070204	6067190	6081321	6074391
94	1000000	6041747	6044348	6035908	6034140	6015189
95	100	6398310	6380247	6382183	6408152	6366744
95	1000	6307443	6289297	6281174	6273475	6278443
95	10000	6187936	6179767	6192190	6194450	6168831
95	100000	6101071	6108426	6122394	6114537	6105621
95	1000000	6100976	6078980	6092718	6089407	6085637
96	100	6310022	6291256	6286937	6284582	6281700
96	1000	6207401	6196637	6203166	6200122	6179058
96	10000	6112109	6093563	6108942	6091554	6084484
96	100000	6031177	6010352	6022577	6032872	5996702
96	1000000	5991724	6001983	5994229	5997016	6002415
97	100	6363510	6351654	6362295	6382474	6379232
97	1000	6283803	6286638	6286366	6287729	6255562
97	10000	6196561	6177528	6178805	6175177	6175145
97	100000	6114604	6131047	6100352	6109008	6107207
97	1000000	6076926	6051097	6072633	6083804	6070477
98	100	6456684	6446719	6436266	6428429	6407985
98	1000	6352836	6332792	6331267	6317241	6333752
98	10000	6224866	6241117	6238788	6231736	6227001
98	100000	6162809	6161137	6166742	6150721	6154618
98	1000000	6134168	6130572	6129234	6129694	6118657
99	100	6268386	6286381	6301388	6313724	6273306
99	1000	6209758	6216002	6200408	6177931	6185915
99	10000	6088124	6109214	6098496	6112359	6083838
99	100000	6032683	6043380	6027970	6010957	6006034
99	1000000	6005287	5988108	6004228	5983668	5979380
100	100	6268221	6255812	6247782	6280906	6229605
100	1000	6161063	6168197	6155966	6154268	6142022
100	10000	6079751	6057544	6048052	6048610	6047317
100	100000	6000811	5989088	5995872	5979905	5971002
100	1000000	5987319	5952305	5971063	5946905	5958834
