Instance	Generations	Cycle(10)	Cycle(9)	Cycle(8)	Cycle(7)	Cycle(6)	Cycle(5)	Cycle(4)	Cycle(3)	Swap	Insertion	Reversal	Scramble
1	1	6373347	6374733	6390726	6383817	6388725	6362817	6385716	6392035	6387432	6385741	6376690	6385242
1	10	6300158	6273035	6288634	6288358	6294563	6275761	6300039	6301656	6300650	6345452	6336924	6321784
1	100	6186016	6161765	6138820	6165116	6136063	6144608	6147552	6116973	6108889	6251993	6257787	6234442
1	1000	6076656	6082052	6062434	6057932	6070649	6056487	6047250	6043560	6046034	6232493	6202428	6189237
1	10000	6034769	6048899	6035976	6035131	6025124	6038707	6032899	6017514	6020913	6200169	6188821	6166192
2	1	6361540	6371362	6367329	6363340	6368458	6365539	6373260	6357756	6395747	6395039	6377709	6368335
2	10	6274671	6284817	6292344	6287649	6269129	6265983	6282808	6276037	6300238	6345306	6307629	6290509
2	100	6154977	6153908	6143424	6141306	6143346	6130334	6121061	6113256	6113026	6274542	6235097	6227272
2	1000	6065747	6066839	6074913	6062951	6042392	6041604	6033942	6039497	6044648	6201439	6178641	6170487
2	10000	6032583	6016857	6019369	6037854	6029048	6015556	6017407	6026423	6003550	6182939	6160602	6146695
3	1	6447976	6467762	6441732	6465475	6470437	6458217	6457606	6459561	6469270	6469062	6454587	6459436
3	10	6359335	6371182	6366239	6361426	6379129	6361805	6366419	6352531	6377957	6446175	6405975	6400872
3	100	6233955	6233920	6223333	6230063	6224391	6202546	6208706	6179502	6187649	6368343	6322771	6329282
3	1000	6163694	6145648	6147031	6131736	6143635	6120364	6133215	6125907	6118821	6321808	6271105	6261260
3	10000	6109830	6108222	6104113	6100563	6106779	6104613	6118886	6106163	6086852	6276412	6248081	6245735
4	1	6415119	6409874	6409165	6415596	6400829	6399052	6414223	6415934	6413354	6405477	6393286	6408340
4	10	6312304	6311913	6320031	6316907	6308566	6304693	6320303	6319315	6335098	6347129	6345530	6344408
4	100	6193618	6196932	6194962	6173777	6167127	6166768	6165597	6148044	6136243	6285816	6266673	6264866
4	1000	6098847	6105754	6086307	6094915	6096672	6092575	6079592	6086836	6075406	6253338	6246606	6217142
4	10000	6061142	6084058	6063880	6064000	6056107	6078465	6042370	6061218	6054910	6195942	6197690	6180877
5	1	6416174	6420728	6429117	6430155	6435978	6432256	6434702	6432010	6436488	6433733	6435361	6416790
5	10	6328724	6332686	6339922	6338359	6325325	6350719	6335260	6338196	6352321	6376998	6381282	6390536
5	100	6198129	6211534	6211985	6206103	6177840	6175373	6177040	6168953	6163705	6335244	6306384	6291380
5	1000	6105723	6113580	6120362	6111431	6093855	6121614	6081674	6098889	6082913	6267361	6258848	6213993
5	10000	6075832	6061446	6101730	6057942	6059409	6084821	6070535	6069893	6061652	6229725	6217378	6212404
6	1	6368600	6371320	6370897	6366013	6355349	6348090	6379814	6361646	6379242	6360888	6381322	6376886
6	10	6280452	6281443	6288416	6269254	6262300	6260436	6278132	6276871	6305165	6318177	6317337	6317722
6	100	6139281	6141333	6161334	6136410	6141499	6102219	6110057	6118975	6085213	6242181	6234147	6238328
6	1000	6074593	6057506	6064193	6054494	6051783	6043381	6039060	6039233	6011063	6213310	6192589	6178142
6	10000	6023178	6034521	6042284	6045005	6015436	6008545	6012231	6011970	6005583	6180062	6176888	6163496
7	1	6391835	6395757	6407504	6377033	6406045	6404053	6386711	6396390	6401618	6400447	6380540	6387417
7	10	6300422	6298448	6302478	6294284	6313203	6299811	6305244	6299201	6322415	6357652	6321946	6338038
7	100	6153540	6183891	6165288	6162630	6174388	6162200	6146219	6122810	6139094	6272836	6281452	6253072
7	1000	6088819	6076469	6085367	6075662	6070938	6075799	6077899	6054672	6066533	6224254	6208274	6202539
7	10000	6067947	6052260	6053408	6065424	6054705	6032990	6043784	6034035	6040023	6190547	6199349	6193290
8	1	6364431	6387734	6367491	6383937	6384280	6379305	6376687	6385603	6382458	6368529	6378899	6375806
8	10	6288189	6295591	6282435	6283811	6288480	6288210	6275245	6283273	6294588	6324651	6327825	6317088
8	100	6157173	6159488	6150455	6151134	6126339	6156034	6132788	6127904	6085663	6262751	6231723	6226932
8	1000	6059336	6080657	6067396	6060097	6058805	6050646	6052415	6018756	6019162	6212166	6195597	6183890
8	10000	6023933	6033138	6030484	6019195	6010079	6013349	6035125	6001133	5997023	6190210	6178951	6162719
9	1	6295549	6293876	6281724	6286703	6289798	6298657	6289803	6288239	6311745	6294781	6295730	6287917
9	10	6219706	6205462	6193150	6208583	6195310	6198378	6195330	6191440	6224148	6250720	6235462	6228929
9	100	6091102	6076627	6061863	6064499	6052592	6051466	6047443	6028151	6030928	6168072	6149189	6129275
9	1000	5993352	5973837	5990843	5979235	5960089	5978189	5961279	5954212	5955647	6133531	6109745	6091072
9	10000	5939725	5947115	5935488	5947558	5932683	5969129	5946025	5932634	5936772	6097992	6095395	6065964
10	1	6369407	6354397	6370880	6361503	6364082	6366454	6368327	6370053	6364251	6362652	6365687	6362536
10	10	6266304	6259377	6290938	6282772	6276925	6278744	6271253	6275827	6290507	6303797	6315274	6307667
10	100	6148847	6139408	6135121	6118937	6120043	6123229	6107792	6100504	6098187	6262012	6239121	6222016
10	1000	6067533	6052648	6039195	6025455	6036340	6024993	6033882	6035868	6029963	6197400	6207153	6168477
10	10000	6020162	6027084	6016968	6016013	6002349	6002742	6006580	6007774	6013562	6154102	6168142	6141314
11	1	6332598	6354970	6349632	6344978	6354802	6351560	6360064	6342502	6355658	6339831	6347678	6347881
11	10	6263965	6269914	6263187	6258576	6251944	6254251	6264467	6247260	6282936	6289031	6294867	6289525
11	100	6125720	6097246	6124665	6113729	6101978	6117863	6092437	6075212	6086708	6247508	6210739	6214035
11	1000	6060708	6032994	6034222	6031770	6022220	6031564	6027691	6005719	5995867	6191717	6163963	6164734
11	10000	6008152	5991471	6002708	5986974	5991371	6001330	5995807	5975504	5977827	6152696	6143078	6136511
12	1	6420286	6420578	6414905	6417675	6424165	6421245	6428278	6427542	6425596	6423274	6426814	6424091
12	10	6334073	6344849	6314806	6324321	6336165	6330068	6340104	6348795	6350124	6370981	6366619	6372170
12	100	6209397	6174895	6193644	6187482	6178980	6154758	6156465	6168032	6154208	6297097	6293950	6263685
12	1000	6090096	6109657	6100544	6105060	6103503	6084428	6078216	6102585	6088864	6263247	6225229	6230023
12	10000	6083060	6093127	6072704	6056740	6077295	6062407	6060991	6061161	6066303	6250095	6212892	6210928
13	1	6351131	6345196	6329800	6355782	6351128	6336037	6339527	6352961	6337567	6348995	6344944	6337223
13	10	6255219	6261855	6249272	6256231	6244244	6254218	6253228	6250622	6244949	6305815	6290235	6292883
13	100	6100450	6122937	6119942	6127642	6106966	6093153	6099516	6059554	6070492	6232689	6205207	6198086
13	1000	6031815	6045598	6024408	6018544	6019461	6019317	6012584	6003897	6014465	6159305	6172825	6137425
13	10000	5983480	6004514	5995078	5994538	5990130	5978374	5982851	6002424	5965333	6152933	6158894	6125982
14	1	6344402	6354655	6344035	6347597	6341247	6332070	6335426	6356748	6334419	6343291	6358415	6347311
14	10	6249700	6258182	6229707	6248784	6244097	6254916	6242081	6242281	6247637	6291522	6301434	6292800
14	100	6146321	6121956	6112149	6116153	6097485	6114960	6079027	6072033	6079735	6228420	6222367	6184548
14	1000	6048533	6049020	6034237	6015143	6009477	6028575	6027285	6021769	5997141	6173653	6179899	6141090
14	10000	6001846	6012002	5994725	5974085	5997630	6005481	5983498	5985524	5978232	6150360	6166475	6106758
15	1	6370454	6365308	6376094	6361746	6375828	6368477	6378201	6372069	6381919	6380929	6376954	6358832
15	10	6268682	6283497	6281000	6286693	6272069	6281036	6298055	6279211	6307229	6316919	6321403	6304677
15	100	6131807	6151965	6150221	6142211	6129151	6144845	6121389	6088753	6080897	6243113	6238721	6227295
15	1000	6068491	6056464	6057850	6060416	6066085	6063418	6015984	6029703	6035104	6204484	6171499	6163771
15	10000	6016141	6023226	6035051	6010572	6020026	6030131	6003626	6019321	5996033	6185761	6162303	6147522
16	1	6292542	6261380	6295838	6289414	6291178	6294367	6292820	6303033	6302087	6306143	6301143	6297372
16	10	6197293	6191550	6198014	6191274	6204046	6211307	6194905	6209220	6203979	6258581	6242343	6228557
16	100	6074565	6065025	6054699	6040828	6047352	6037248	6031514	6029692	6015352	6172662	6166884	6153030
16	1000	5985392	5974141	5980570	5984609	5955730	5964540	5949711	5940476	5955590	6139430	6098539	6114343
16	10000	5931984	5953779	5941992	5945181	5933149	5936486	5934190	5927964	5935376	6102954	6084325	6059792
17	1	6340929	6326332	6336747	6321306	6324882	6323649	6343516	6331189	6341954	6344555	6331508	6323684
17	10	6258185	6234412	6249608	6235912	6240301	6244544	6244674	6247278	6266360	6298951	6287022	6281591
17	100	6106487	6091995	6107122	6087465	6102181	6091184	6101737	6094887	6080320	6224766	6199331	6193438
17	1000	6049156	6013882	6015413	6029060	6015916	6018052	6010606	6024581	5985231	6194682	6167548	6133995
17	10000	6014339	5985553	5977030	5990963	5994377	5982298	5985266	6003800	5965286	6162442	6142678	6116461
18	1	6364939	6368190	6349219	6350894	6355841	6352489	6370103	6367675	6355757	6369901	6363510	6366252
18	10	6268979	6286186	6272758	6270038	6272557	6267397	6277980	6288193	6282305	6348455	6308661	6313368
18	100	6124833	6139886	6155690	6117285	6139629	6127064	6124815	6116861	6105953	6276130	6226213	6233144
18	1000	6058558	6064396	6065311	6056911	6062048	6059951	6033647	6019820	6032608	6238988	6180935	6175099
18	10000	6021865	6043579	6023303	6033365	6028789	6038121	6033318	6014888	6011308	6176762	6174787	6154052
19	1	6382541	6379583	6377220	6364498	6378227	6381405	6378759	6359514	6368016	6385815	6376170	6380384
19	10	6297208	6275179	6284557	6270029	6273137	6289263	6277439	6275702	6279981	6315748	6321462	6320177
19	100	6152902	6153345	6141595	6133628	6146047	6127536	6132009	6114027	6093553	6256626	6241138	6246831
19	1000	6077202	6053751	6042632	6063608	6059438	6027388	6052967	6032079	6036096	6193996	6182524	6175485
19	10000	6020994	6010299	6017841	6015618	6025324	6009283	6042022	6012517	6020193	6177861	6159063	6159493
20	1	6312328	6309428	6317066	6316846	6312184	6324040	6290093	6322982	6325305	6328635	6311900	6324852
20	10	6229681	6240495	6224364	6227880	6217484	6231906	6206231	6227542	6246263	6276232	6257284	6263086
20	100	6102756	6095708	6080680	6081634	6072279	6071018	6050862	6057458	6060700	6213817	6190834	6156698
20	1000	6016881	6016325	6008938	6010162	6005194	5988696	5990746	5986581	5995613	6157166	6140829	6129335
20	10000	5973274	5966737	5966995	5978586	5978448	5975784	5959164	5952905	5976076	6147085	6107425	6108990
21	1	6428503	6444821	6441992	6439990	6445695	6446153	6440412	6440691	6448567	6437722	6427851	6442313
21	10	6340378	6354174	6350301	6362440	6346337	6350148	6347883	6370300	6355462	6386309	6391048	6395030
21	100	6231868	6208080	6213726	6203907	6199445	6191663	6197670	6177893	6176609	6320343	6291005	6288971
21	1000	6141166	6127754	6129848	6127117	6120079	6121240	6099912	6112885	6096730	6289042	6253801	6235744
21	10000	6087890	6101206	6091882	6095459	6079137	6091104	6080929	6066271	6081452	6262473	6237585	6228676
22	1	6371474	6394979	6393144	6383992	6398198	6398327	6408526	6407211	6395782	6406948	6379833	6394518
22	10	6304140	6299247	6305613	6299495	6311682	6294871	6308976	6306793	6307092	6366603	6347456	6347952
22	100	6156786	6177207	6179379	6176456	6158473	6157990	6135563	6129261	6117527	6282279	6255461	6242511
22	1000	6088590	6081924	6099015	6092410	6095817	6090193	6062872	6062101	6054704	6244108	6214073	6196689
22	10000	6048657	6049379	6037347	6033754	6037491	6040241	6048209	6053473	6022925	6195573	6198975	6166170
23	1	6324154	6306309	6288420	6312705	6310993	6308062	6307535	6312369	6327293	6323309	6295291	6305941
23	10	6218665	6227570	6207666	6217110	6211267	6223318	6211583	6227163	6228905	6272736	6243124	6265586
23	100	6084345	6090535	6077788	6071928	6063819	6062333	6037993	6037512	6053796	6199950	6197600	6176450
23	1000	5985818	6002089	6004181	5996245	5988611	5982198	5955491	5969252	5976743	6143991	6139117	6118228
23	10000	5962323	5944839	5940773	5969014	5972287	5950635	5934696	5953830	5938458	6124914	6089518	6076276
24	1	6446147	6443552	6441337	6440315	6435219	6449763	6445977	6439285	6443795	6438612	6433442	6445240
24	10	6354556	6368004	6350741	6347104	6339433	6354868	6359884	6347707	6352926	6387801	6385300	6384791
24	100	6214495	6222102	6245580	6211300	6205957	6195038	6197747	6191397	6173894	6334406	6292623	6279819
24	1000	6133891	6142677	6140914	6123950	6124006	6123908	6103622	6117244	6092044	6301331	6262611	6234601
24	10000	6105229	6095533	6086728	6092478	6099822	6083731	6079108	6083457	6090674	6275710	6243189	6207326
25	1	6338041	6342522	6348163	6324998	6357109	6346671	6340624	6354255	6350230	6347071	6347360	6343323
25	10	6266512	6254587	6251543	6245388	6257644	6247248	6250405	6260864	6257615	6302810	6300445	6295417
25	100	6113648	6125871	6111680	6097945	6106874	6084431	6082057	6085114	6087460	6244989	6211812	6216731
25	1000	6017674	6041213	6024743	5999924	6003899	5996989	6012059	5994355	5986395	6182292	6160755	6148865
25	10000	5980283	6008199	6003948	5989035	5989595	5977775	5982414	5984035	5951241	6147822	6131853	6131401
26	1	6418501	6414294	6423480	6404305	6411894	6432916	6417029	6437600	6425880	6413208	6408090	6411252
26	10	6319702	6320684	6313784	6323255	6302425	6347051	6338077	6346663	6344698	6375617	6355112	6350360
26	100	6192442	6180519	6196010	6181777	6182034	6181576	6153595	6138272	6147974	6306470	6290957	6284507
26	1000	6100761	6106428	6104783	6071741	6093284	6098874	6087250	6063671	6092614	6254921	6242023	6248372
26	10000	6065454	6053979	6086607	6059098	6052012	6051000	6073657	6045574	6057108	6210757	6216430	6212919
27	1	6379566	6375148	6375907	6384940	6375327	6374321	6387289	6383339	6395159	6384553	6376456	6357739
27	10	6296437	6280225	6289960	6269385	6283228	6269042	6298348	6276109	6312964	6321908	6331559	6304029
27	100	6160331	6150937	6141028	6141481	6139394	6129739	6109477	6117005	6091329	6274734	6245142	6208528
27	1000	6065792	6060061	6078681	6062074	6059740	6070273	6031195	6044740	6047890	6223336	6191903	6176852
27	10000	6019512	6045313	6021233	6018967	6012123	6012220	6014623	6005436	6011238	6184107	6183349	6155599
28	1	6336094	6352432	6337003	6332024	6333032	6350946	6348696	6343268	6346098	6343324	6358544	6360664
28	10	6244560	6260900	6257953	6265130	6240728	6255359	6259771	6255116	6258544	6303226	6295192	6296431
28	100	6130319	6119909	6133281	6135755	6099200	6110468	6091845	6090140	6074801	6241437	6203498	6189380
28	1000	6053387	6039695	6026690	6028464	6033195	6007218	6000661	6005139	6015628	6194290	6167293	6160222
28	10000	6000000	6002741	6005351	6000519	5990703	5995518	5980181	5982083	5996084	6159371	6151062	6132639
29	1	6355329	6343335	6345145	6350866	6355720	6330863	6360776	6335491	6357387	6333937	6333733	6347045
29	10	6250163	6247873	6244959	6251408	6258643	6232878	6235157	6249652	6276818	6292323	6294285	6283402
29	100	6140566	6128538	6100617	6098315	6088955	6112454	6094326	6069082	6082786	6229589	6193601	6204525
29	1000	6024522	6024035	6006169	6021844	6017967	6013110	6014578	6019688	6002249	6144199	6153738	6132496
29	10000	6012860	5978605	5980185	5980390	5994307	5989563	5979223	6007069	5981544	6135309	6133842	6109273
30	1	6463108	6455448	6464986	6449198	6465407	6464868	6471932	6475526	6447037	6459273	6479349	6466770
30	10	6366489	6368635	6379543	6364018	6361932	6358431	6370018	6381823	6376078	6427148	6410347	6405947
30	100	6238697	6246460	6241802	6233113	6238210	6201043	6191577	6197894	6204502	6364185	6324369	6317533
30	1000	6167345	6134743	6157985	6155074	6143180	6130576	6135349	6140963	6117086	6313446	6284417	6286528
30	10000	6123086	6099455	6098671	6113044	6125771	6106549	6108437	6095655	6080168	6278849	6250726	6233631
31	1	6325864	6332808	6322659	6328655	6330069	6326134	6324714	6343529	6326165	6332257	6299274	6320743
31	10	6249231	6252641	6240969	6239410	6252739	6230742	6232051	6240126	6237538	6272227	6269328	6268043
31	100	6093166	6093160	6126852	6104197	6095110	6077337	6058978	6064534	6054896	6205661	6207935	6187420
31	1000	6017519	5996713	6005048	6011405	5994460	6005050	6002146	5986014	5985531	6147110	6177320	6112739
31	10000	5983816	5955436	5960397	5975698	5965751	5976292	5977370	5969844	5962627	6119018	6131307	6102526
32	1	6411567	6419995	6414844	6430949	6416764	6425710	6421176	6419043	6415571	6411632	6428690	6396973
32	10	6323484	6334182	6329580	6331523	6321810	6337808	6329312	6334283	6333537	6349095	6361054	6352194
32	100	6202348	6184756	6184440	6165978	6191293	6164936	6174517	6146477	6148934	6298463	6253556	6287800
32	1000	6109783	6119739	6100075	6096287	6096291	6084536	6079065	6075756	6075372	6251502	6220758	6218816
32	10000	6071642	6054026	6066086	6032054	6082905	6067233	6065895	6048407	6062623	6208045	6213244	6182071
33	1	6393195	6375668	6384747	6391681	6392680	6388157	6375165	6380637	6393855	6399865	6381818	6391014
33	10	6313971	6295269	6289535	6295842	6307547	6280489	6287112	6288015	6301277	6356388	6328562	6324566
33	100	6150482	6170216	6169477	6144818	6156515	6135122	6123285	6136818	6118189	6282931	6255655	6243360
33	1000	6063733	6084249	6085302	6059395	6055674	6070424	6076956	6052583	6040882	6234326	6205289	6206834
33	10000	6043738	6033846	6034473	6036999	6015259	6042675	6041992	6044329	6010921	6190454	6181972	6179960
34	1	6361810	6393385	6384120	6378467	6388580	6391296	6395206	6398190	6393397	6409656	6396477	6385304
34	10	6287663	6306334	6287385	6292443	6297517	6298515	6284626	6298884	6312606	6358528	6329772	6334375
34	100	6169663	6164887	6153681	6136589	6166288	6131954	6146538	6140346	6132818	6290528	6258635	6251925
34	1000	6101059	6082556	6070971	6084649	6074315	6056494	6078371	6056938	6045743	6241066	6188168	6203052
34	10000	6053461	6041245	6046750	6051754	6032025	6045765	6041711	6044961	6018860	6213424	6174060	6163861
35	1	6361197	6372481	6342575	6355161	6363464	6369790	6360281	6351604	6339401	6360334	6353039	6332175
35	10	6267912	6284299	6269036	6262594	6265976	6276000	6246252	6258002	6266647	6285002	6313465	6305032
35	100	6141272	6133027	6149542	6122037	6134919	6106324	6087658	6096980	6090306	6242084	6232454	6219637
35	1000	6045716	6047241	6052598	6050561	6044999	6025232	6022960	6024051	6026646	6208735	6178085	6154545
35	10000	6019728	6029799	5993649	6003834	6009405	5998019	5999382	6002211	5997798	6165284	6162876	6132429
36	1	6297160	6296517	6280951	6300697	6286669	6297510	6311669	6301649	6305145	6297604	6303542	6298452
36	10	6207768	6209251	6200458	6200062	6192857	6200345	6210188	6220158	6228250	6250640	6247881	6248984
36	100	6079472	6081556	6063720	6070979	6067866	6053347	6057836	6040112	6021537	6158927	6177433	6154900
36	1000	5985779	5987551	5979567	5979722	5979991	5967922	5956393	5971205	5957701	6110021	6121572	6087528
36	10000	5940599	5941220	5950313	5962915	5932051	5916089	5932129	5941735	5941987	6090055	6092306	6076824
37	1	6300853	6310865	6284831	6296488	6302492	6310304	6296235	6300667	6304010	6296769	6299851	6306516
37	10	6202037	6210984	6198228	6215315	6214143	6210396	6189035	6203612	6221585	6258506	6240281	6241050
37	100	6080460	6076768	6075576	6056764	6054805	6047735	6032177	6032384	6038309	6181458	6151619	6155023
37	1000	5980529	6002016	5995724	5979674	5974503	5971638	5968324	5942711	5975297	6137493	6105190	6100119
37	10000	5951399	5949211	5947492	5958883	5932679	5954787	5941466	5925316	5956536	6117221	6093535	6092428
38	1	6363091	6367838	6370087	6360775	6358291	6356581	6351133	6365682	6359106	6362197	6354255	6346524
38	10	6255085	6266708	6279303	6270188	6271601	6268371	6250754	6273121	6277321	6321359	6301991	6288575
38	100	6138599	6113928	6133958	6116520	6122105	6100100	6096798	6092764	6093753	6248618	6223857	6166730
38	1000	6054928	6049352	6053923	6046680	6033483	6029829	6026896	6025876	6031465	6214142	6171542	6146290
38	10000	6020132	6014813	6026747	6010687	6011469	5997002	5998989	5992652	6015182	6179306	6157064	6123839
39	1	6368395	6365601	6365325	6373270	6371195	6367570	6369533	6369862	6366871	6370131	6373201	6363845
39	10	6272098	6267628	6275463	6283815	6273330	6266116	6275836	6275597	6286596	6311285	6315380	6307228
39	100	6140770	6152457	6135166	6145426	6133961	6117821	6105468	6120292	6091840	6262545	6225104	6218707
39	1000	6035626	6063017	6056981	6058896	6042321	6056435	6033020	6029982	6029984	6216680	6187350	6169585
39	10000	6020777	6022675	6020299	6023306	6022277	6013628	5990329	6029200	6017920	6186299	6161490	6145383
40	1	6295382	6304533	6315853	6309215	6307007	6289377	6296918	6288522	6314467	6310978	6315368	6310796
40	10	6207087	6221348	6233129	6210834	6219441	6200819	6208860	6202007	6233179	6259449	6244776	6246287
40	100	6091231	6085223	6089276	6065680	6066493	6076108	6050775	6040238	6030024	6178990	6157497	6168285
40	1000	5995838	5985257	6016149	5997137	5985423	6012019	5975887	5969096	5947999	6149880	6113828	6101810
40	10000	5960074	5944131	5973728	5938657	5948575	5978754	5936326	5934901	5936394	6118959	6087244	6079554
41	1	6364669	6365998	6356973	6368806	6360925	6361860	6375782	6370453	6363322	6357458	6369782	6367123
41	10	6253845	6284638	6265056	6291408	6271941	6284553	6280479	6270218	6283582	6309638	6325606	6289456
41	100	6135300	6154710	6131502	6127787	6132319	6110220	6110523	6105402	6090751	6264744	6218839	6199981
41	1000	6067785	6051261	6070059	6042018	6064560	6038192	6024596	6037216	6017855	6199453	6180180	6145639
41	10000	6025244	6010104	6015920	6020014	6037339	6020379	6003651	6012318	5998783	6186090	6170871	6132859
42	1	6433702	6420415	6416941	6415782	6427183	6407852	6404677	6422552	6421487	6432812	6407063	6424420
42	10	6332288	6338925	6321404	6315188	6324772	6328955	6325798	6334140	6328183	6383432	6351227	6369317
42	100	6201826	6188438	6188484	6178093	6183918	6171916	6162713	6156742	6139128	6331823	6279792	6284495
42	1000	6118557	6114946	6092541	6106570	6098169	6082860	6076341	6075664	6079412	6270428	6231461	6235394
42	10000	6058226	6078381	6051757	6072481	6056168	6066901	6052067	6054087	6042439	6234915	6203697	6207345
43	1	6358525	6362173	6370684	6371563	6347965	6368305	6366770	6371998	6367458	6373501	6377776	6357825
43	10	6276951	6265528	6280158	6281363	6271339	6268651	6273933	6278427	6295676	6333853	6323745	6294786
43	100	6153160	6155433	6143850	6148861	6134901	6128030	6111523	6097977	6096845	6249228	6245604	6212289
43	1000	6057914	6068612	6058276	6062549	6062361	6055472	6019933	6039343	6047806	6208823	6194625	6178156
43	10000	6006818	6027131	6042246	6018202	6043769	6044869	6013410	6013261	6017300	6203497	6189931	6164725
44	1	6317866	6291439	6314170	6306463	6294661	6314359	6294157	6317772	6322215	6306237	6305877	6304051
44	10	6225611	6198125	6212611	6212251	6206437	6220009	6197425	6217714	6235721	6261840	6256750	6248549
44	100	6082978	6077950	6091640	6066948	6060681	6079985	6065314	6051028	6040659	6206023	6173213	6182065
44	1000	6015073	5985145	5996450	5985531	6003972	5986818	5973559	5985506	5971003	6150768	6119843	6118274
44	10000	5980580	5974229	5960734	5945701	5963958	5960062	5968379	5947123	5944051	6122681	6109704	6091689
45	1	6392852	6388586	6395016	6385616	6391868	6388056	6400343	6393261	6396852	6399707	6406440	6394381
45	10	6297754	6299071	6296656	6295413	6298590	6292051	6303632	6301958	6316178	6342100	6335177	6320183
45	100	6171909	6159022	6170427	6153268	6145011	6137288	6142410	6118334	6098856	6284230	6256969	6239771
45	1000	6080690	6078016	6082408	6063799	6073522	6065205	6047899	6059066	6049940	6225419	6192926	6188405
45	10000	6043573	6015926	6029485	6029064	6045289	6043545	6030591	6034080	6025120	6200451	6183101	6150589
46	1	6327840	6335351	6324251	6340078	6333298	6332601	6320464	6326502	6339314	6334990	6330937	6337482
46	10	6250864	6224293	6220012	6234243	6233162	6229137	6213992	6243333	6245546	6277576	6277604	6285204
46	100	6109554	6095113	6097713	6087076	6081927	6090345	6069038	6084873	6069848	6216893	6186560	6190348
46	1000	6028916	6011510	6016056	6010020	6001095	6011444	5982986	5983616	5984232	6181997	6157293	6145741
46	10000	5982583	5977280	5979011	5974791	5962569	5981775	5974789	5957020	5974736	6142796	6121336	6114974
47	1	6459919	6451837	6462240	6469154	6449849	6466937	6457475	6455456	6468619	6469990	6458840	6449224
47	10	6357412	6379265	6377826	6372025	6368533	6368760	6368407	6355262	6376930	6436919	6396265	6387749
47	100	6238908	6243857	6251255	6214502	6214817	6216072	6203621	6196545	6184080	6341589	6310911	6298200
47	1000	6146221	6139551	6150437	6146538	6138722	6116064	6130349	6118250	6129108	6307794	6285898	6265480
47	10000	6107157	6117983	6106256	6103449	6114127	6102500	6086543	6083772	6125020	6287841	6258351	6240172
48	1	6377975	6368483	6362762	6372924	6357392	6379762	6361591	6378601	6379043	6360047	6381046	6379861
48	10	6262522	6289829	6262058	6277316	6257766	6286058	6270124	6287966	6299548	6324183	6322144	6325616
48	100	6148573	6137360	6137373	6144968	6126512	6149887	6116615	6123100	6117102	6284579	6254542	6227266
48	1000	6076652	6063520	6061290	6057505	6062258	6043732	6047768	6046542	6046020	6220978	6191905	6171818
48	10000	6043029	6031091	6022555	6028544	6043502	6022111	6032415	6022925	6016991	6184471	6174351	6137055
49	1	6386894	6385351	6387316	6393279	6399195	6409827	6389414	6401254	6401248	6401772	6398504	6403425
49	10	6304361	6303991	6296052	6311252	6299960	6312441	6303680	6323318	6326220	6353168	6344913	6347486
49	100	6181147	6177344	6173370	6178014	6157985	6154190	6149621	6144138	6125194	6309537	6244025	6257901
49	1000	6100126	6089764	6086223	6107005	6096660	6074266	6075934	6069312	6073092	6236907	6212378	6201384
49	10000	6058340	6057955	6051291	6065176	6058295	6049529	6047154	6037064	6046117	6208958	6188826	6187929
50	1	6322643	6316696	6325145	6328470	6325199	6310224	6329651	6321004	6335399	6324086	6314177	6322298
50	10	6243677	6238954	6232152	6227446	6233552	6223923	6242385	6226026	6250386	6259265	6268641	6262789
50	100	6088941	6108059	6084592	6110030	6099455	6098987	6059608	6055070	6052918	6217568	6197806	6151611
50	1000	6009685	6004897	6002437	6013350	6010863	5999833	5988080	6005805	5997689	6166157	6141543	6101754
50	10000	5986504	5985552	5980078	5987698	5974618	5970831	5971467	5955635	5952262	6150660	6127023	6091134
51	1	6335498	6344532	6326071	6327915	6352629	6331815	6333880	6333171	6348168	6346936	6342565	6332933
51	10	6232950	6250745	6236154	6232457	6258597	6249230	6247287	6249255	6253559	6290260	6283296	6267859
51	100	6128574	6107086	6114498	6098050	6096189	6096822	6088410	6069519	6066894	6239832	6191665	6206326
51	1000	6041009	6037231	6036946	6032462	6001484	6008268	5989356	5999370	5990073	6164786	6152758	6155015
51	10000	5990344	5987323	5994462	5972403	5985314	5957326	5978286	5981888	5984284	6141830	6123363	6131787
52	1	6395506	6390868	6384267	6407507	6408385	6406586	6391007	6385527	6398147	6392024	6388581	6395652
52	10	6302109	6317062	6290801	6307552	6314383	6298294	6306989	6309034	6311914	6359121	6325827	6337595
52	100	6177552	6193439	6161647	6160238	6158348	6156662	6140795	6139595	6131392	6310995	6264399	6262738
52	1000	6099601	6079590	6073293	6068430	6063775	6057814	6066552	6063383	6070972	6237869	6233469	6213533
52	10000	6046583	6019288	6055469	6043945	6026034	6030554	6042376	6061876	6042546	6211430	6197509	6183193
53	1	6383007	6386607	6390089	6378424	6385011	6370237	6390340	6395534	6389012	6394808	6394331	6380402
53	10	6298876	6304647	6303791	6275439	6294283	6289345	6301034	6302019	6311607	6334703	6344694	6334937
53	100	6158739	6147306	6154339	6152576	6149692	6131238	6147130	6139069	6112361	6274753	6239836	6230512
53	1000	6069927	6083251	6074859	6047901	6057671	6051081	6067094	6062946	6031764	6227183	6185182	6178789
53	10000	6026952	6053230	6036260	6020155	6023555	6040872	6028575	6052573	6023631	6200714	6172649	6167939
54	1	6414151	6384053	6408607	6409502	6411732	6416158	6407969	6390370	6405564	6418423	6409477	6411673
54	10	6318933	6317616	6301180	6314436	6316792	6331048	6318821	6309727	6326151	6354491	6335957	6355374
54	100	6172206	6179136	6173063	6173350	6161636	6172397	6144461	6139112	6137807	6273323	6282371	6250387
54	1000	6098023	6086036	6081406	6072362	6076200	6065208	6077390	6058747	6046959	6245094	6242385	6204821
54	10000	6070378	6060042	6038418	6033357	6058224	6040071	6048577	6041208	6046959	6211971	6220651	6183097
55	1	6360534	6349720	6353589	6360162	6344613	6345938	6350382	6356423	6345678	6345767	6364536	6343252
55	10	6255241	6258639	6256579	6259864	6245245	6265981	6258629	6264127	6264635	6284657	6307855	6305171
55	100	6108895	6110826	6125547	6115229	6095313	6094885	6094821	6087917	6094912	6220057	6218808	6219853
55	1000	6031633	6022699	6040644	6038385	6018793	6016017	6004707	5997414	6015026	6161876	6160868	6164796
55	10000	5990517	5991929	6002604	6001545	6004126	5975034	5975611	5984422	5977783	6144223	6160868	6154535
56	1	6447315	6461340	6459753	6471195	6443569	6469442	6461608	6457741	6459367	6446668	6462548	6462810
56	10	6365038	6369399	6382496	6385773	6375196	6374278	6371983	6370740	6381649	6397593	6397441	6407625
56	100	6233415	6234885	6245084	6228325	6223574	6211204	6186039	6191891	6198331	6329092	6332566	6305102
56	1000	6132546	6154513	6146761	6140014	6155029	6138243	6121178	6117138	6144526	6293087	6308341	6272578
56	10000	6110856	6119548	6113462	6090618	6121963	6108071	6106617	6089993	6108713	6262011	6281287	6248142
57	1	6334381	6332430	6346975	6319085	6342212	6323644	6342896	6343052	6347128	6337840	6348215	6343613
57	10	6236540	6257983	6262273	6249528	6256874	6238371	6244429	6249900	6266256	6283776	6296844	6290512
57	100	6112309	6112295	6116308	6101840	6095345	6093442	6087677	6057711	6077067	6224141	6216528	6188190
57	1000	6035290	6029053	6037854	6026745	6016968	6005773	6015115	6019957	6005067	6169492	6173452	6136190
57	10000	6003144	6004341	6003471	6018348	5998103	5988021	5981297	5973640	5969182	6140684	6154763	6127323
58	1	6302090	6305754	6325559	6313998	6304271	6286449	6313423	6319772	6300597	6305461	6316416	6286850
58	10	6224940	6211359	6229405	6211226	6208505	6203573	6216135	6222582	6225582	6275223	6279726	6230543
58	100	6095205	6095044	6080519	6057337	6081464	6061736	6029334	6047320	6044912	6197593	6167283	6167800
58	1000	6011054	5993073	5976586	5991009	5988636	5969529	5983704	5964128	5990820	6136782	6121240	6110986
58	10000	5965605	5943548	5944483	5966731	5961443	5943411	5949520	5950770	5958098	6102830	6108274	6076056
59	1	6357967	6340133	6360378	6368915	6354129	6361339	6358740	6355187	6366230	6364065	6353631	6352484
59	10	6263237	6248275	6268758	6260595	6264138	6264878	6251850	6281070	6279227	6322244	6293989	6305741
59	100	6133709	6143027	6127772	6141380	6125307	6107218	6113089	6101991	6098019	6241558	6222205	6214923
59	1000	6052818	6061563	6057068	6064220	6038703	6036094	6050676	6022028	6035455	6207219	6180530	6143512
59	10000	6014018	6009123	6015988	6009514	6001125	6022903	6005238	6013380	6035253	6184975	6164205	6126770
60	1	6242497	6261436	6244838	6242434	6266880	6269068	6257129	6245971	6255903	6259651	6248581	6264216
60	10	6159321	6176550	6160795	6156975	6162784	6178017	6164483	6154180	6166388	6192931	6206687	6207494
60	100	6038588	6029278	6024514	6018482	6018778	6012247	5986278	5986762	5978608	6148572	6141763	6105534
60	1000	5941374	5949831	5956768	5938633	5912349	5922352	5913189	5922236	5908794	6109405	6083314	6062862
60	10000	5911341	5885502	5902327	5915032	5885165	5901486	5894082	5904855	5901034	6063399	6045727	6040207
61	1	6368179	6369397	6378608	6361961	6375279	6368398	6356346	6380524	6383312	6379868	6363947	6371167
61	10	6279310	6272955	6276348	6276608	6264335	6274094	6267324	6284216	6277536	6313058	6318600	6330490
61	100	6139482	6150883	6145126	6138289	6140255	6121404	6119855	6100722	6087588	6256566	6246710	6221938
61	1000	6073564	6074133	6063801	6063666	6058164	6040592	6030595	6017975	6040447	6188180	6204437	6184797
61	10000	6026029	6019650	6042224	6014600	6017337	6002536	6012483	6008206	6030517	6174245	6179141	6163252
62	1	6365415	6340968	6357029	6371643	6358754	6360673	6360638	6371634	6364458	6362634	6380092	6352317
62	10	6284809	6249411	6271525	6277803	6260706	6269997	6280667	6280022	6289740	6340267	6313319	6301396
62	100	6142219	6132947	6140123	6141051	6122201	6120411	6112433	6093573	6088686	6268449	6204749	6237963
62	1000	6053241	6048683	6040088	6044973	6037085	6036728	6028866	6034242	6024295	6208410	6151628	6146796
62	10000	6005679	5999440	5999562	6009599	6011125	6006070	6004909	6002819	6000110	6166371	6143648	6125381
63	1	6386681	6390192	6381731	6397137	6387783	6396011	6379248	6387910	6393324	6374269	6391817	6393846
63	10	6280267	6298258	6290114	6296623	6286425	6291541	6273147	6295975	6311822	6336193	6313454	6323279
63	100	6166885	6167409	6149900	6154416	6142687	6138911	6130830	6100239	6108699	6279490	6253911	6273310
63	1000	6063485	6079151	6059618	6048045	6068671	6060084	6064453	6027823	6037496	6212467	6221734	6189141
63	10000	6030625	6044361	6037255	6020601	6040789	6033918	6036916	5998914	6002048	6178234	6189078	6162277
64	1	6419626	6431611	6427995	6418793	6440318	6433789	6439300	6429861	6438916	6430705	6427815	6414818
64	10	6335485	6353801	6340397	6333820	6338389	6325132	6343084	6342568	6347874	6373889	6356138	6351124
64	100	6192482	6197855	6204783	6199094	6175455	6192820	6177711	6176176	6161175	6333132	6291874	6278058
64	1000	6129815	6127719	6113999	6119866	6111393	6073231	6089141	6080045	6115532	6268913	6242020	6243292
64	10000	6092395	6101926	6079559	6079771	6082636	6063050	6075611	6068847	6080728	6216453	6226111	6193875
65	1	6390126	6389633	6409711	6388482	6398177	6393405	6405576	6396524	6406692	6404127	6397407	6377552
65	10	6307558	6298842	6314483	6289391	6300494	6306369	6302013	6300190	6311557	6342268	6342500	6339681
65	100	6162512	6173320	6165290	6146386	6140424	6155497	6143720	6112590	6141354	6283435	6251983	6229999
65	1000	6053595	6082197	6066984	6051753	6058186	6049796	6056941	6033402	6050439	6218833	6210283	6201330
65	10000	6033636	6056140	6032222	6025048	6039615	6025875	6018969	6002535	6029363	6203925	6179100	6180807
66	1	6357726	6360672	6358511	6362181	6371151	6366498	6368688	6376778	6369150	6376021	6375065	6370965
66	10	6254174	6270017	6274243	6284410	6276681	6273761	6288714	6279980	6284163	6321409	6307110	6305440
66	100	6155549	6135468	6127770	6137030	6124598	6127099	6113290	6093301	6105373	6249078	6228585	6211017
66	1000	6057379	6065502	6070183	6039984	6043887	6044692	6025778	6030637	6047520	6208080	6174812	6160160
66	10000	6017800	6028643	6009858	5996213	6014764	6009146	6008322	6013523	5995708	6189624	6149474	6135756
67	1	6303305	6306316	6323430	6308598	6317172	6316876	6318237	6319986	6304821	6317390	6315258	6310293
67	10	6232778	6223031	6233724	6224976	6209199	6216395	6218181	6231226	6230336	6268908	6256630	6245697
67	100	6108597	6087863	6053911	6080614	6059774	6068940	6049550	6071049	6051064	6203464	6177655	6176477
67	1000	6001913	6010027	5993385	5999498	5982189	5982419	5969079	5993718	5987057	6127739	6147722	6127572
67	10000	5974122	5970376	5947080	5983204	5956823	5960441	5945472	5965444	5964741	6112028	6100858	6082058
68	1	6390946	6387545	6393220	6364578	6396894	6406203	6400210	6387723	6407642	6405961	6396952	6393150
68	10	6300293	6295544	6297778	6278309	6311308	6309579	6302748	6293427	6317433	6370538	6348234	6352213
68	100	6186308	6161510	6177572	6164552	6162607	6135353	6151621	6137219	6116458	6277123	6257979	6243156
68	1000	6075882	6072239	6086206	6082323	6089728	6060354	6065842	6064354	6038327	6229158	6196590	6187658
68	10000	6048425	6047144	6047756	6041335	6064230	6045586	6033166	6022831	6027983	6199574	6188666	6177978
69	1	6372314	6372915	6363825	6365037	6379821	6388237	6376146	6371042	6379668	6368046	6381209	6374605
69	10	6277616	6277714	6279199	6281643	6286600	6287897	6284845	6283978	6306552	6340941	6330304	6309237
69	100	6129774	6149539	6144558	6121496	6135282	6133143	6113827	6120109	6107586	6272539	6245592	6222803
69	1000	6069597	6072360	6053987	6055508	6052068	6057493	6041981	6038950	6035023	6226774	6200145	6175906
69	10000	6045847	6033371	6048497	6007875	6021107	6019328	5995489	6009612	6001649	6182261	6187510	6131801
70	1	6341825	6352279	6343611	6327358	6341132	6350903	6346518	6355672	6339330	6346901	6339439	6326486
70	10	6250733	6262660	6257608	6245736	6252652	6248748	6243897	6273568	6256545	6317105	6296178	6281971
70	100	6105322	6123746	6110616	6106510	6093789	6111202	6070637	6070983	6066033	6233823	6194158	6184407
70	1000	6049642	6029867	6028741	6029498	6014152	6021607	6010251	5997814	5996136	6174325	6138774	6132510
70	10000	5995169	5998277	5985445	5986273	5973314	5988380	5989068	5970202	5970329	6158219	6133725	6101621
71	1	6377881	6389647	6390113	6396943	6394495	6399436	6404499	6396767	6378450	6404069	6391677	6400732
71	10	6292912	6293811	6308401	6300621	6296561	6299446	6296822	6301553	6314850	6367655	6341252	6317717
71	100	6179101	6182247	6171581	6156741	6141844	6128426	6147982	6124515	6137301	6266705	6250878	6224144
71	1000	6083299	6090339	6081624	6084887	6065539	6064259	6058700	6063532	6063345	6226798	6221853	6183449
71	10000	6052472	6036971	6040944	6048509	6046467	6050695	6044588	6034683	6036147	6194733	6173370	6171633
72	1	6314238	6317325	6325299	6325966	6321247	6326947	6328550	6313416	6323418	6324433	6310414	6326742
72	10	6218459	6214431	6229853	6240538	6231827	6234499	6235614	6223204	6242471	6268646	6265586	6263362
72	100	6099212	6076409	6081209	6092635	6089318	6069443	6070871	6058547	6053587	6233174	6182066	6154139
72	1000	6018799	6015569	5999573	6001563	5998346	5984646	5986715	5991208	5992316	6171110	6144491	6123014
72	10000	5985603	5970058	5958710	5960531	5958722	5954974	5963469	5971516	5979756	6124271	6122467	6086090
73	1	6394485	6400576	6396931	6400215	6396577	6394056	6396629	6417894	6403407	6407729	6408292	6400839
73	10	6291417	6329384	6301712	6320604	6302665	6309103	6310275	6312764	6322329	6353639	6336575	6342084
73	100	6164433	6173492	6194336	6160523	6170138	6147388	6140161	6134610	6132502	6275965	6274927	6254333
73	1000	6091308	6078212	6088353	6075511	6072810	6087226	6079353	6055018	6076474	6240873	6210136	6222303
73	10000	6047285	6046338	6044229	6032297	6037228	6050787	6053164	6039427	6038925	6215775	6192535	6158702
74	1	6425008	6433991	6406686	6446663	6421143	6429591	6423174	6448498	6435806	6433143	6446657	6425453
74	10	6339049	6347932	6323592	6339894	6322381	6345189	6342890	6350051	6346306	6392874	6369577	6378953
74	100	6203637	6189641	6204002	6191689	6167567	6203869	6185866	6169325	6160215	6325128	6289522	6318229
74	1000	6139822	6117016	6114779	6118618	6100393	6111986	6111220	6089763	6096578	6260711	6242880	6244043
74	10000	6089121	6072534	6089968	6068538	6079247	6086982	6076191	6074536	6070399	6235351	6231463	6234745
75	1	6427367	6410166	6412326	6433757	6429315	6432541	6415535	6425828	6431432	6440292	6421155	6428323
75	10	6343987	6324699	6303800	6328358	6329002	6343650	6317334	6339769	6342519	6389674	6379527	6343254
75	100	6195693	6183620	6197533	6195524	6167488	6177193	6165008	6164360	6148323	6325596	6288509	6273591
75	1000	6128932	6111770	6096856	6098724	6105064	6075256	6117125	6100806	6079791	6277734	6239553	6229767
75	10000	6092130	6079818	6071669	6085517	6078852	6063770	6077735	6062818	6064812	6224443	6231827	6201419
76	1	6397603	6399119	6394125	6392289	6400347	6403567	6396358	6401054	6400030	6401028	6399815	6386967
76	10	6291958	6304265	6290654	6306643	6307460	6308378	6316328	6294139	6321597	6344047	6336006	6336854
76	100	6155687	6179384	6180808	6156468	6173984	6146502	6145079	6121402	6129984	6277401	6275909	6250397
76	1000	6076889	6088978	6084108	6052107	6105150	6068860	6061595	6046599	6052049	6246155	6219844	6191032
76	10000	6049566	6050287	6056208	6039199	6033005	6040306	6037590	6028376	6039524	6198674	6184315	6165978
77	1	6447029	6447317	6446234	6453333	6453247	6449690	6457982	6460379	6445904	6445194	6452871	6448498
77	10	6344064	6342888	6359637	6355918	6362778	6365099	6381481	6368147	6358840	6425488	6413634	6392689
77	100	6230801	6226302	6220662	6233321	6228731	6203649	6221017	6178371	6197672	6329430	6318168	6292360
77	1000	6144500	6139153	6133238	6139482	6135936	6115604	6127996	6115283	6123489	6286781	6263810	6251105
77	10000	6101419	6097676	6126043	6094222	6087358	6090918	6114638	6074887	6112216	6257595	6238479	6225922
78	1	6374010	6381040	6376018	6363227	6375440	6366271	6360643	6367920	6361704	6364404	6370477	6368590
78	10	6276976	6280654	6284077	6266013	6271926	6274898	6259119	6272748	6283659	6316253	6325753	6299447
78	100	6128815	6137236	6118516	6132087	6113970	6111310	6125822	6068521	6107300	6262436	6231188	6226243
78	1000	6066997	6055820	6056133	6054402	6048839	6030863	6041252	6012551	6001619	6204466	6183028	6154356
78	10000	6009811	6015419	5996555	6027783	6031570	6005947	6017012	5990973	5994032	6169291	6160934	6142611
79	1	6472777	6489610	6476647	6466484	6485577	6474720	6482790	6492453	6501102	6483994	6488385	6489917
79	10	6386431	6405718	6385022	6374302	6406376	6378655	6387842	6389889	6417763	6443188	6408432	6434396
79	100	6257963	6264055	6237893	6260062	6235688	6242188	6233537	6211842	6212931	6380006	6335927	6349914
79	1000	6151137	6159834	6177973	6170373	6149045	6163446	6138832	6148996	6147282	6327202	6284151	6282334
79	10000	6123641	6124370	6144775	6125020	6105827	6150630	6105564	6145622	6122900	6293359	6274507	6261634
80	1	6334008	6325103	6326676	6330392	6332092	6319895	6321747	6321440	6338817	6337241	6341115	6343975
80	10	6246397	6236853	6231301	6249007	6238198	6222014	6219841	6231644	6256184	6276455	6285197	6258382
80	100	6112346	6108403	6102023	6098116	6083011	6084829	6052446	6061936	6065172	6212763	6215831	6185599
80	1000	6024545	6006630	6011034	6022008	6017895	6005730	5983740	5970534	5990946	6159777	6160732	6118525
80	10000	5971686	5973984	5970231	5976919	5989256	5993471	5971555	5961562	5959779	6143724	6126817	6095430
81	1	6347650	6351615	6355892	6350440	6355341	6368863	6371240	6365164	6357656	6365589	6356738	6358831
81	10	6262890	6253125	6258516	6261142	6255371	6271144	6271594	6256857	6272503	6298453	6307879	6305642
81	100	6119423	6143521	6127869	6126462	6117052	6104958	6111611	6099124	6083558	6241571	6228115	6192698
81	1000	6042314	6066055	6028061	6036030	6031942	6029146	6027606	6015727	5999252	6194465	6181671	6176134
81	10000	6002448	6020476	6011473	6004179	6011040	6011338	5997077	5996963	5992048	6157789	6181671	6133176
82	1	6314882	6334214	6325703	6310899	6314716	6324050	6327719	6314754	6317275	6295398	6331223	6333491
82	10	6221833	6245651	6241910	6217005	6217445	6220736	6242739	6222507	6235977	6251061	6273919	6273186
82	100	6081273	6094634	6090898	6077905	6083633	6070539	6074322	6049424	6046798	6199126	6183131	6173071
82	1000	6009423	6021914	6017459	6008235	6000515	5986181	5985254	5998503	5990296	6166119	6143900	6136327
82	10000	5978224	5977083	5975395	5982221	5978027	5961751	5953203	5964904	5953579	6133735	6130846	6108220
83	1	6331723	6325032	6327721	6333064	6340524	6337776	6338223	6351349	6345047	6343555	6344735	6342465
83	10	6241376	6234775	6237776	6239646	6241563	6232718	6242895	6261776	6265907	6306246	6290118	6295765
83	100	6109695	6105970	6113440	6103424	6108019	6078641	6095410	6073544	6071122	6246139	6198821	6191762
83	1000	6009991	6028462	6034039	6012248	6027048	6005647	6001570	5987778	6001311	6193177	6146435	6148639
83	10000	5977944	5992515	6005666	5975343	5992862	5987635	5978348	5964071	5972051	6158590	6123009	6104417
84	1	6384686	6361184	6365610	6366431	6365023	6371534	6349455	6365960	6369359	6363992	6372401	6373676
84	10	6276098	6278030	6261623	6270341	6270993	6281849	6257308	6276008	6295300	6317270	6307278	6303756
84	100	6154320	6168534	6131046	6138637	6122242	6097351	6114510	6094966	6099622	6270897	6234385	6236932
84	1000	6058273	6068088	6081589	6051671	6053751	6053374	6041440	6015400	6034826	6213900	6172879	6185524
84	10000	6019274	6033731	6026959	6001072	5998342	6016876	6015805	6011263	6028409	6188542	6153741	6160519
85	1	6380565	6378970	6392586	6366515	6400764	6382675	6382859	6402986	6390790	6379562	6385710	6375869
85	10	6314834	6279117	6298850	6274777	6299178	6292299	6292168	6304634	6298330	6340186	6329874	6338132
85	100	6164511	6156271	6161902	6149008	6129834	6151417	6130176	6102322	6118838	6263197	6257043	6267691
85	1000	6069886	6084343	6069790	6084113	6030763	6061748	6056478	6035088	6027792	6209871	6223365	6194693
85	10000	6022183	6024563	6048674	6052435	6003201	6023239	6027113	6018514	6010174	6183590	6198972	6167613
86	1	6332921	6321184	6346810	6329063	6351562	6330148	6340529	6344718	6339056	6339899	6309306	6340474
86	10	6260399	6242181	6247585	6252282	6261151	6249835	6253662	6249163	6247995	6304590	6280511	6286749
86	100	6119966	6119494	6104732	6117294	6106040	6091020	6099737	6083224	6073943	6228429	6181220	6174739
86	1000	6023289	6023340	6031067	6011721	6027647	6019709	6016196	6016412	6015880	6174186	6140817	6115591
86	10000	5995151	5995077	6001534	5987146	5989709	5999095	5990286	5991420	5985582	6124191	6124113	6104367
87	1	6451799	6421313	6450702	6456401	6441197	6440837	6441940	6452620	6438416	6446666	6443220	6450269
87	10	6360526	6340709	6353390	6353280	6344278	6338689	6336742	6368555	6369117	6403249	6376718	6384149
87	100	6226856	6213061	6237855	6213172	6200650	6178624	6191031	6183174	6181893	6330379	6297940	6310332
87	1000	6139854	6126319	6135282	6134237	6114101	6117663	6122770	6094310	6109309	6284082	6257721	6260049
87	10000	6100270	6111193	6101664	6092327	6083620	6098556	6081619	6089856	6102778	6258205	6233793	6214427
88	1	6357810	6374990	6375023	6374609	6362880	6371159	6376671	6373642	6381730	6362381	6369338	6368899
88	10	6286685	6278304	6261518	6265448	6277523	6273175	6277320	6291048	6302427	6321538	6311979	6298571
88	100	6138321	6151929	6150667	6145414	6130004	6131008	6095082	6087197	6118793	6263750	6225359	6200974
88	1000	6053075	6060156	6059322	6046733	6048842	6048252	6039885	6039460	6048951	6224978	6193206	6149627
88	10000	6012025	6013950	6035300	6024127	6002495	6017898	6028660	6004844	6012758	6199774	6182947	6130498
89	1	6319521	6313074	6322380	6312894	6325747	6325541	6312874	6316198	6309294	6329970	6318820	6327865
89	10	6234323	6212383	6230517	6228180	6229770	6226381	6219721	6221467	6225884	6281578	6264938	6254695
89	100	6099945	6073244	6091748	6092641	6092691	6051735	6067917	6073588	6051235	6203490	6188374	6166581
89	1000	6032205	6006583	5994717	6001406	6015182	5992415	5994608	6000776	5985649	6170498	6157595	6137150
89	10000	5980533	5973621	5973014	5966176	5986815	5982056	5983167	5977514	5979752	6120663	6114752	6088706
90	1	6377131	6361144	6369701	6372545	6363405	6371473	6370499	6361899	6375579	6378836	6381579	6371038
90	10	6271576	6285317	6284630	6267422	6278209	6281095	6288009	6269203	6292002	6354419	6317160	6315152
90	100	6153732	6156318	6133590	6145931	6137689	6118221	6128953	6101412	6106698	6255182	6228126	6236819
90	1000	6047987	6053823	6064416	6036502	6051570	6044478	6048628	6043750	6036256	6219387	6183072	6199486
90	10000	6014908	6005661	6030198	6030653	6002004	6029614	6036040	6020881	6014076	6176529	6154961	6156874
91	1	6270384	6255385	6268921	6273527	6273588	6261359	6257190	6275799	6274746	6277453	6272685	6272583
91	10	6189075	6168382	6171464	6177579	6184331	6166574	6176676	6167434	6179134	6224468	6195328	6207144
91	100	6056163	6023827	6031239	6028024	6027638	6030082	6035622	6001930	6007341	6166584	6114397	6142255
91	1000	5947629	5957097	5947114	5948555	5947369	5932891	5950020	5942619	5919454	6094199	6071628	6055046
91	10000	5939482	5922309	5919732	5915140	5903611	5896114	5909876	5913651	5915324	6074831	6064106	6044018
92	1	6427010	6442529	6438583	6452192	6433113	6427271	6453342	6455633	6447149	6454616	6444016	6444047
92	10	6360857	6363682	6355114	6368238	6349649	6344051	6358585	6367073	6363251	6386485	6392405	6384429
92	100	6218573	6219518	6226875	6223098	6220983	6194991	6207319	6178716	6179061	6327433	6307057	6301318
92	1000	6169064	6143176	6139529	6134903	6137120	6115234	6117093	6098777	6118985	6258079	6275735	6245610
92	10000	6103546	6112378	6094941	6086302	6113335	6087024	6085387	6079534	6102304	6238637	6239361	6226573
93	1	6384037	6380712	6340842	6384577	6375461	6381180	6381832	6394671	6401942	6359718	6393129	6370581
93	10	6296999	6279764	6260618	6289154	6283020	6292517	6289685	6298073	6320478	6327545	6318834	6310685
93	100	6157795	6152077	6138305	6148915	6144050	6126867	6126399	6108871	6127625	6265689	6232322	6219093
93	1000	6083363	6072690	6058371	6067291	6076531	6049950	6027398	6042961	6054877	6225187	6194366	6180651
93	10000	6056160	6032688	6038433	6031547	6038315	6019657	6026875	6020618	6027300	6199520	6194366	6150634
94	1	6381603	6387234	6369800	6372171	6376569	6375125	6381305	6392187	6388568	6379492	6380763	6369728
94	10	6296562	6293633	6282850	6268464	6285454	6286809	6279008	6303719	6286774	6341171	6318890	6313244
94	100	6154501	6166331	6150220	6136691	6130447	6130779	6115498	6118349	6117605	6274251	6235437	6231280
94	1000	6080181	6083624	6072213	6076395	6052314	6038436	6058443	6029582	6035681	6216928	6199317	6171050
94	10000	6034115	6039426	6036532	6029360	6013705	6027702	6030347	6027407	6023663	6183950	6185772	6147469
95	1	6434358	6424611	6425297	6420972	6434648	6422961	6432010	6427291	6438532	6415914	6430740	6436513
95	10	6345796	6317295	6334573	6333341	6330489	6331633	6352534	6344335	6337141	6368590	6380247	6374000
95	100	6202438	6204138	6194239	6203180	6203434	6180943	6170658	6147324	6146813	6318790	6281928	6282691
95	1000	6122982	6115496	6091681	6105884	6108646	6106129	6107833	6086076	6079271	6256491	6219247	6232007
95	10000	6073439	6077907	6066307	6079562	6079619	6074310	6078766	6069851	6047700	6218709	6212779	6200639
96	1	6317410	6331533	6338834	6327166	6333952	6322726	6336890	6336479	6336748	6337592	6331174	6332247
96	10	6232341	6244282	6243832	6248635	6241239	6222170	6251233	6235915	6251191	6277463	6276877	6270473
96	100	6119952	6115952	6104895	6099928	6094942	6089580	6083061	6067646	6073768	6214624	6192788	6178271
96	1000	6022736	6037014	6021006	6004631	6001410	6001871	5999566	6010222	5982612	6189137	6146652	6107402
96	10000	5985088	5965663	5981582	5970063	5982099	5982625	5951145	5971562	5967511	6174218	6135325	6095520
97	1	6416035	6420908	6416164	6429521	6416404	6388153	6425888	6413499	6414743	6423797	6416875	6404834
97	10	6328873	6341224	6313013	6326736	6321320	6294419	6318149	6324946	6326238	6387068	6345726	6356543
97	100	6194513	6213602	6178991	6180627	6156216	6157985	6155910	6160133	6139606	6325556	6276672	6262829
97	1000	6108965	6093314	6105676	6084552	6090315	6095943	6078882	6086575	6078648	6274707	6229290	6215433
97	10000	6070749	6055197	6067144	6070854	6052871	6066899	6060647	6058434	6055363	6215747	6200387	6195214
98	1	6474224	6456980	6469774	6462427	6471860	6478899	6472120	6474922	6478533	6467903	6477128	6468482
98	10	6387690	6373769	6360483	6373287	6380154	6391416	6370880	6373532	6396230	6425236	6422985	6419094
98	100	6233558	6248871	6250752	6247840	6228544	6225802	6208682	6194630	6203031	6357876	6330698	6319679
98	1000	6161796	6156324	6155429	6157274	6138603	6146030	6148098	6131449	6124644	6307187	6293067	6260165
98	10000	6112861	6103026	6104603	6130141	6122821	6111494	6114789	6115212	6106539	6269832	6273770	6232574
99	1	6325002	6327686	6324787	6335129	6348018	6334600	6338317	6330869	6329596	6349925	6318391	6326493
99	10	6240502	6243528	6249158	6245168	6250817	6251677	6250312	6244777	6249781	6293957	6286617	6261502
99	100	6097483	6114803	6086629	6092029	6075864	6102926	6079585	6070962	6049431	6218907	6169961	6176858
99	1000	6026146	6026699	6013479	6002670	6031157	6000927	5994618	5983502	5998024	6161763	6143972	6142669
99	10000	5994157	5997269	5983304	5978732	6016948	5980307	5967106	5949981	5973513	6145211	6137874	6123089
100	1	6273788	6301352	6305493	6301871	6297063	6315004	6295314	6296788	6307939	6307967	6294190	6300920
100	10	6198362	6209199	6206637	6211198	6214255	6212018	6199495	6207672	6216067	6253252	6235642	6245136
100	100	6093307	6080329	6057887	6080032	6057945	6069705	6038997	6041710	6038135	6172977	6140740	6162709
100	1000	6000645	5991698	6011337	5982168	5979062	5981665	5975361	5963603	5951334	6140398	6098586	6122012
100	10000	5943531	5957789	5943532	5951530	5947773	5938032	5936868	5931047	5942896	6091695	6088538	6059256
