MEANS
Generations	Cycle(0.5)	Cycle(0.4)	Cycle(0.3)	Cycle(0.2)	Cycle(0.1)	Cycle(3)	Swap	Insertion	Reversal	Scramble
1	1181.67	1177.22	1184.11	1180.67	1184.33	1180.11	1182.78	1181.11	1177.33	1170.78
10	1104.00	1104.56	1106.33	1104.56	1109.22	1104.89	1109.44	1135.33	1131.89	1127.00
100	958.22	951.67	953.33	952.56	947.11	954.33	947.33	1079.89	1064.00	1061.78
1000	905.22	896.11	905.22	903.11	902.67	902.67	899.89	1051.56	1043.89	1019.33

STDEVS
Generations	Cycle(0.5)	Cycle(0.4)	Cycle(0.3)	Cycle(0.2)	Cycle(0.1)	Cycle(3)	Swap	Insertion	Reversal	Scramble
1	7.14	4.38	4.81	6.08	5.59	9.69	7.38	11.23	8.60	6.83
10	3.81	7.20	8.31	6.97	8.86	5.44	7.26	15.07	10.35	9.26
100	11.66	11.72	6.34	7.89	6.43	5.24	7.83	12.19	8.57	6.46
1000	6.80	13.87	15.21	12.52	12.57	7.31	13.06	13.05	13.92	8.51

Wilcoxon ranksum P-val for column compared to Swap
Generations	Cycle(0.5)	Cycle(0.4)	Cycle(0.3)	Cycle(0.2)	Cycle(0.1)	Cycle(3)	Swap	Insertion	Reversal	Scramble
1	0.6911	0.0380	0.8253	0.4268	0.8253	0.7239	1.0000	0.8946	0.1853	0.0041
10	0.0934	0.1333	0.4268	0.1451	0.8946	0.1023	1.0000	0.0023	0.0023	0.0008
100	0.0380	0.5078	0.1333	0.1577	0.9296	0.0423	1.0000	0.0003	0.0003	0.0003
1000	0.3772	0.8253	0.6272	0.5078	0.6588	0.5365	1.0000	0.0003	0.0003	0.0003
