MEANS
Generations	Cycle(10)	Cycle(9)	Cycle(8)	Cycle(7)	Cycle(6)	Cycle(5)	Cycle(4)	Cycle(3)	Swap	Insertion	Reversal	Scramble
1	1179.33	1179.78	1189.22	1184.78	1181.67	1178.00	1184.00	1181.00	1183.89	1181.89	1183.33	1184.56
10	1115.00	1116.89	1117.56	1110.89	1112.22	1114.78	1114.78	1116.11	1123.00	1148.33	1139.11	1137.44
100	1019.22	1018.00	1008.11	1011.33	1003.89	1000.44	986.22	981.44	967.56	1092.44	1079.44	1076.00
1000	954.00	954.89	947.89	946.67	943.56	938.56	930.56	917.67	902.89	1054.22	1037.89	1029.44

STDEVS
Generations	Cycle(10)	Cycle(9)	Cycle(8)	Cycle(7)	Cycle(6)	Cycle(5)	Cycle(4)	Cycle(3)	Swap	Insertion	Reversal	Scramble
1	5.48	7.29	5.78	6.18	6.91	9.10	5.10	8.80	5.73	8.13	5.83	6.69
10	9.12	6.83	9.03	6.83	8.15	8.11	5.19	6.37	7.21	4.53	8.21	6.29
100	8.35	5.96	9.75	7.89	7.98	8.46	7.90	11.74	6.93	8.31	9.02	9.57
1000	7.42	8.91	9.23	8.43	7.76	8.26	7.43	11.53	4.54	8.48	9.55	6.67

Wilcoxon ranksum P-val for column compared to Swap
Generations	Cycle(10)	Cycle(9)	Cycle(8)	Cycle(7)	Cycle(6)	Cycle(5)	Cycle(4)	Cycle(3)	Swap	Insertion	Reversal	Scramble
1	0.0934	0.2332	0.0934	0.8598	0.4268	0.1711	0.9648	0.3099	1.0000	0.5962	1.0000	0.8946
10	0.0423	0.0576	0.1451	0.0047	0.0071	0.0423	0.0305	0.0469	1.0000	0.0003	0.0005	0.0005
100	0.0003	0.0003	0.0003	0.0003	0.0003	0.0003	0.0008	0.0071	1.0000	0.0003	0.0003	0.0003
1000	0.0003	0.0003	0.0003	0.0003	0.0003	0.0003	0.0003	0.0193	1.0000	0.0003	0.0003	0.0003
