MEANS
Generations	Cycle(10)	Cycle(9)	Cycle(8)	Cycle(7)	Cycle(6)	Cycle(5)	Cycle(4)	Cycle(3)	Swap	Insertion	Reversal	Scramble
1	1177.89	1175.11	1174.78	1176.89	1179.33	1179.11	1182.89	1180.11	1182.78	1181.11	1177.33	1170.78
10	1104.00	1094.89	1099.22	1097.67	1099.89	1101.22	1103.56	1104.89	1109.44	1135.33	1131.89	1127.00
100	994.44	989.44	988.89	975.44	977.67	975.44	965.00	954.33	947.33	1079.89	1064.00	1061.78
1000	921.78	921.00	912.56	916.44	909.67	904.78	906.11	902.67	899.89	1051.56	1043.89	1019.33

STDEVS
Generations	Cycle(10)	Cycle(9)	Cycle(8)	Cycle(7)	Cycle(6)	Cycle(5)	Cycle(4)	Cycle(3)	Swap	Insertion	Reversal	Scramble
1	6.33	9.94	5.97	8.21	6.84	11.83	9.35	9.69	7.38	11.23	8.60	6.83
10	5.15	10.54	7.60	10.04	9.01	8.03	8.41	5.44	7.26	15.07	10.35	9.26
100	7.16	9.46	7.36	6.84	10.59	8.17	7.87	5.24	7.83	12.19	8.57	6.46
1000	6.12	10.49	8.11	7.16	8.49	8.18	13.22	7.31	13.06	13.05	13.92	8.51

Wilcoxon ranksum P-val for column compared to Swap
Generations	Cycle(10)	Cycle(9)	Cycle(8)	Cycle(7)	Cycle(6)	Cycle(5)	Cycle(4)	Cycle(3)	Swap	Insertion	Reversal	Scramble
1	0.1120	0.0703	0.0134	0.1023	0.1711	0.5365	0.9296	0.7239	1.0000	0.8946	0.1853	0.0041
10	0.0637	0.0092	0.0134	0.0134	0.0305	0.0341	0.1223	0.1023	1.0000	0.0023	0.0023	0.0008
100	0.0003	0.0003	0.0003	0.0003	0.0003	0.0003	0.0013	0.0423	1.0000	0.0003	0.0003	0.0003
1000	0.0015	0.0054	0.0774	0.0118	0.1223	0.4015	0.2697	0.5365	1.0000	0.0003	0.0003	0.0003
