MEANS
Generations	Cycle(10)	Cycle(9)	Cycle(8)	Cycle(7)	Cycle(6)	Cycle(5)	Cycle(4)	Cycle(3)	Swap	Insertion	Reversal	Scramble
1	1180.33	1181.67	1181.33	1184.56	1180.67	1184.22	1180.33	1187.11	1181.56	1184.78	1180.56	1177.00
10	1114.56	1115.11	1114.33	1112.56	1112.22	1113.78	1113.44	1118.56	1119.67	1141.89	1141.44	1139.78
100	1021.56	1009.56	1008.89	1003.44	997.00	993.89	982.89	976.11	968.78	1086.33	1078.22	1076.22
1000	954.33	944.78	939.33	937.56	936.67	925.00	915.33	910.22	899.89	1050.11	1028.67	1028.89

STDEVS
Generations	Cycle(10)	Cycle(9)	Cycle(8)	Cycle(7)	Cycle(6)	Cycle(5)	Cycle(4)	Cycle(3)	Swap	Insertion	Reversal	Scramble
1	5.96	5.83	7.79	6.39	8.15	9.82	8.28	3.37	6.41	3.38	7.89	12.47
10	8.53	6.39	4.30	5.88	6.36	4.12	5.25	5.10	7.31	8.37	6.84	11.20
100	7.35	6.02	4.37	9.66	8.22	8.99	8.19	5.64	7.19	8.66	10.66	7.63
1000	8.06	10.32	7.55	5.81	8.32	10.27	8.51	12.38	15.47	6.11	9.46	10.66

Wilcoxon ranksum P-val for column compared to Swap
Generations	Cycle(10)	Cycle(9)	Cycle(8)	Cycle(7)	Cycle(6)	Cycle(5)	Cycle(4)	Cycle(3)	Swap	Insertion	Reversal	Scramble
1	0.4015	0.8253	0.8253	0.3538	0.5078	0.2164	0.6911	0.0305	1.0000	0.2164	0.7573	0.3538
10	0.1223	0.1023	0.0637	0.0380	0.0243	0.0380	0.0380	0.4529	1.0000	0.0003	0.0003	0.0020
100	0.0003	0.0003	0.0003	0.0003	0.0003	0.0003	0.0023	0.0851	1.0000	0.0003	0.0003	0.0003
1000	0.0003	0.0003	0.0003	0.0003	0.0003	0.0011	0.0104	0.2510	1.0000	0.0003	0.0003	0.0003
