MEANS
Generations	Cycle(10)	Cycle(9)	Cycle(8)	Cycle(7)	Cycle(6)	Cycle(5)	Cycle(4)	Cycle(3)	Swap	Insertion	Reversal	Scramble
1	1181.89	1183.33	1181.56	1183.44	1175.33	1181.33	1181.22	1179.33	1186.33	1179.44	1178.44	1179.33
10	1103.44	1109.44	1106.56	1103.11	1104.78	1105.22	1108.33	1105.22	1111.56	1138.44	1135.56	1131.00
100	998.00	999.44	993.33	992.00	980.78	975.89	972.44	963.56	947.44	1082.44	1067.11	1066.89
1000	931.11	926.78	922.89	924.33	920.78	914.00	911.44	901.89	894.78	1049.67	1028.22	1022.33

STDEVS
Generations	Cycle(10)	Cycle(9)	Cycle(8)	Cycle(7)	Cycle(6)	Cycle(5)	Cycle(4)	Cycle(3)	Swap	Insertion	Reversal	Scramble
1	4.65	6.58	7.23	7.80	14.68	9.89	10.86	7.94	6.28	6.37	4.30	8.96
10	6.21	9.91	7.63	6.99	8.51	9.74	6.14	9.38	5.55	10.19	7.23	8.92
100	11.35	8.00	7.62	8.19	5.29	7.20	8.68	7.37	5.70	9.61	11.94	6.47
1000	6.29	4.29	10.20	7.66	9.40	7.68	10.67	7.36	9.76	10.07	6.44	6.52

Wilcoxon ranksum P-val for column compared to Swap
Generations	Cycle(10)	Cycle(9)	Cycle(8)	Cycle(7)	Cycle(6)	Cycle(5)	Cycle(4)	Cycle(3)	Swap	Insertion	Reversal	Scramble
1	0.1711	0.3772	0.2697	0.4529	0.0637	0.3772	0.3772	0.1023	1.0000	0.0576	0.0118	0.0774
10	0.0171	0.6911	0.1577	0.0341	0.0851	0.1711	0.2004	0.0774	1.0000	0.0004	0.0003	0.0009
100	0.0003	0.0003	0.0003	0.0003	0.0003	0.0003	0.0004	0.0013	1.0000	0.0003	0.0003	0.0003
1000	0.0003	0.0003	0.0005	0.0003	0.0005	0.0013	0.0054	0.0703	1.0000	0.0003	0.0003	0.0003
