MEANS
Generations	Cycle(0.5)	Cycle(0.4)	Cycle(0.3)	Cycle(0.2)	Cycle(0.1)	Cycle(3)	Swap	Insertion	Reversal	Scramble
1	1185.00	1183.44	1190.67	1188.44	1183.44	1186.78	1186.44	1180.78	1186.78	1182.44
10	1125.33	1124.78	1131.44	1131.22	1128.11	1127.22	1130.89	1150.78	1149.44	1147.00
100	1009.89	997.11	999.22	993.56	990.44	1001.33	987.44	1110.22	1098.67	1099.78
1000	933.56	931.89	931.78	928.33	925.11	934.00	919.56	1058.00	1050.11	1047.44

STDEVS
Generations	Cycle(0.5)	Cycle(0.4)	Cycle(0.3)	Cycle(0.2)	Cycle(0.1)	Cycle(3)	Swap	Insertion	Reversal	Scramble
1	7.11	4.45	6.14	8.38	9.79	6.96	6.65	10.35	6.78	7.78
10	5.12	4.89	8.31	6.65	7.41	4.15	5.42	8.67	9.63	7.18
100	5.99	5.75	6.82	8.29	6.86	5.70	4.98	5.38	10.33	8.32
1000	10.38	8.94	13.13	7.31	4.37	7.71	11.79	13.37	13.02	13.92

Wilcoxon ranksum P-val for column compared to Swap
Generations	Cycle(0.5)	Cycle(0.4)	Cycle(0.3)	Cycle(0.2)	Cycle(0.1)	Cycle(3)	Swap	Insertion	Reversal	Scramble
1	0.5962	0.1120	0.0576	0.6588	0.3538	1.0000	1.0000	0.2893	0.7573	0.1333
10	0.0380	0.0273	0.7573	0.9648	0.4015	0.1577	1.0000	0.0007	0.0017	0.0011
100	0.0003	0.0036	0.0015	0.0521	0.2332	0.0007	1.0000	0.0003	0.0003	0.0003
1000	0.0217	0.0243	0.0637	0.0703	0.1223	0.0152	1.0000	0.0003	0.0003	0.0003
