MEANS
Generations	Cycle(0.5)	Cycle(0.4)	Cycle(0.3)	Cycle(0.2)	Cycle(0.1)	Cycle(3)	Swap	Insertion	Reversal	Scramble
1	1182.00	1184.00	1184.67	1183.11	1186.44	1187.11	1181.56	1184.78	1180.56	1177.00
10	1113.89	1116.44	1117.22	1117.00	1121.67	1118.56	1119.67	1141.89	1141.44	1139.78
100	979.00	976.11	969.33	966.89	965.44	976.11	968.78	1086.33	1078.22	1076.22
1000	915.11	912.89	914.22	901.89	906.00	910.22	899.89	1050.11	1028.67	1028.89

STDEVS
Generations	Cycle(0.5)	Cycle(0.4)	Cycle(0.3)	Cycle(0.2)	Cycle(0.1)	Cycle(3)	Swap	Insertion	Reversal	Scramble
1	4.90	6.98	6.32	7.49	8.19	3.37	6.41	3.38	7.89	12.47
10	2.93	8.40	4.79	4.36	9.84	5.10	7.31	8.37	6.84	11.20
100	8.70	9.18	5.41	7.15	10.19	5.64	7.19	8.66	10.66	7.63
1000	10.58	7.39	11.50	8.19	7.62	12.38	15.47	6.11	9.46	10.66

Wilcoxon ranksum P-val for column compared to Swap
Generations	Cycle(0.5)	Cycle(0.4)	Cycle(0.3)	Cycle(0.2)	Cycle(0.1)	Cycle(3)	Swap	Insertion	Reversal	Scramble
1	0.7911	0.2697	0.2697	0.6272	0.2004	0.0305	1.0000	0.2164	0.7573	0.3538
10	0.0423	0.4268	0.2164	0.1711	1.0000	0.4529	1.0000	0.0003	0.0003	0.0020
100	0.0134	0.0637	0.8253	0.5365	0.2164	0.0851	1.0000	0.0003	0.0003	0.0003
1000	0.0193	0.0305	0.0521	0.6588	0.8598	0.2510	1.0000	0.0003	0.0003	0.0003
