MEANS
Generations	Cycle(10)	Cycle(9)	Cycle(8)	Cycle(7)	Cycle(6)	Cycle(5)	Cycle(4)	Cycle(3)	Swap	Insertion	Reversal	Scramble
1	1186.89	1188.22	1187.22	1187.33	1187.00	1182.22	1185.78	1186.78	1186.44	1180.78	1186.78	1182.44
10	1126.11	1124.22	1126.78	1124.22	1124.67	1123.56	1123.67	1127.22	1130.89	1150.78	1149.44	1147.00
100	1042.89	1041.33	1037.78	1028.33	1021.56	1012.44	1011.33	1001.33	987.44	1110.22	1098.67	1099.78
1000	980.33	975.33	972.67	961.67	955.78	951.33	940.44	934.00	919.56	1058.00	1050.11	1047.44

STDEVS
Generations	Cycle(10)	Cycle(9)	Cycle(8)	Cycle(7)	Cycle(6)	Cycle(5)	Cycle(4)	Cycle(3)	Swap	Insertion	Reversal	Scramble
1	5.95	5.80	7.14	6.80	4.09	9.91	8.23	6.96	6.65	10.35	6.78	7.78
10	5.58	6.28	5.95	4.99	5.70	9.17	9.67	4.15	5.42	8.67	9.63	7.18
100	8.33	7.35	8.48	6.87	8.99	5.85	4.42	5.70	4.98	5.38	10.33	8.32
1000	10.25	11.08	11.12	9.82	12.99	6.61	6.84	7.71	11.79	13.37	13.02	13.92

Wilcoxon ranksum P-val for column compared to Swap
Generations	Cycle(10)	Cycle(9)	Cycle(8)	Cycle(7)	Cycle(6)	Cycle(5)	Cycle(4)	Cycle(3)	Swap	Insertion	Reversal	Scramble
1	0.8946	0.7573	0.6911	0.8946	0.8253	0.3099	0.9648	1.0000	1.0000	0.2893	0.7573	0.1333
10	0.1023	0.0469	0.2332	0.0217	0.0341	0.0521	0.0934	0.1577	1.0000	0.0007	0.0017	0.0011
100	0.0003	0.0003	0.0003	0.0003	0.0003	0.0003	0.0003	0.0007	1.0000	0.0003	0.0003	0.0003
1000	0.0003	0.0003	0.0003	0.0003	0.0005	0.0007	0.0036	0.0152	1.0000	0.0003	0.0003	0.0003
