MEANS
Generations	Cycle(0.5)	Cycle(0.4)	Cycle(0.3)	Cycle(0.2)	Cycle(0.1)	Cycle(3)	Swap	Insertion	Reversal	Scramble
1	1186.56	1187.56	1187.89	1186.11	1192.89	1187.44	1185.33	1185.78	1187.44	1185.33
10	1139.22	1137.89	1141.00	1137.78	1146.44	1140.22	1139.78	1154.78	1154.89	1157.00
100	1032.11	1021.56	1022.44	1015.89	1014.67	1027.00	1018.89	1114.11	1123.22	1120.67
1000	961.11	954.00	953.44	945.67	942.78	956.67	946.78	1071.22	1071.67	1066.00

STDEVS
Generations	Cycle(0.5)	Cycle(0.4)	Cycle(0.3)	Cycle(0.2)	Cycle(0.1)	Cycle(3)	Swap	Insertion	Reversal	Scramble
1	7.23	7.40	4.26	11.68	6.55	7.54	8.86	7.14	7.09	8.47
10	9.19	4.54	5.41	6.70	4.88	6.59	10.06	9.18	7.56	4.85
100	8.49	11.48	8.00	5.13	9.22	6.84	5.80	6.27	9.47	8.47
1000	6.92	12.44	6.88	5.83	8.73	8.72	7.38	14.02	10.65	9.95

Wilcoxon ranksum P-val for column compared to Swap
Generations	Cycle(0.5)	Cycle(0.4)	Cycle(0.3)	Cycle(0.2)	Cycle(0.1)	Cycle(3)	Swap	Insertion	Reversal	Scramble
1	0.7573	0.4799	0.5078	0.7573	0.0380	0.6588	1.0000	0.8253	0.6911	0.7911
10	0.7911	0.3538	0.7573	0.4529	0.1333	0.7239	1.0000	0.0047	0.0041	0.0006
100	0.0031	0.3314	0.2510	0.2697	0.3099	0.0134	1.0000	0.0003	0.0003	0.0003
1000	0.0017	0.1451	0.0521	0.5078	0.2893	0.0171	1.0000	0.0003	0.0003	0.0003
