MEANS
Generations	Cycle(0.5)	Cycle(0.4)	Cycle(0.3)	Cycle(0.2)	Cycle(0.1)	Cycle(3)	Swap	Insertion	Reversal	Scramble
1	1181.56	1183.33	1186.11	1178.33	1181.67	1179.33	1186.33	1179.44	1178.44	1179.33
10	1107.56	1110.78	1113.67	1109.22	1110.33	1105.22	1111.56	1138.44	1135.56	1131.00
100	966.22	961.11	954.33	957.33	951.56	963.56	947.44	1082.44	1067.11	1066.89
1000	905.56	898.11	900.56	898.56	902.22	901.89	894.78	1049.67	1028.22	1022.33

STDEVS
Generations	Cycle(0.5)	Cycle(0.4)	Cycle(0.3)	Cycle(0.2)	Cycle(0.1)	Cycle(3)	Swap	Insertion	Reversal	Scramble
1	6.75	8.47	10.51	9.60	6.71	7.94	6.28	6.37	4.30	8.96
10	7.32	6.80	8.54	6.83	9.00	9.38	5.55	10.19	7.23	8.92
100	5.74	8.61	11.20	8.54	9.28	7.37	5.70	9.61	11.94	6.47
1000	10.78	8.04	11.51	9.32	3.83	7.36	9.76	10.07	6.44	6.52

Wilcoxon ranksum P-val for column compared to Swap
Generations	Cycle(0.5)	Cycle(0.4)	Cycle(0.3)	Cycle(0.2)	Cycle(0.1)	Cycle(3)	Swap	Insertion	Reversal	Scramble
1	0.1333	0.5078	0.8253	0.0703	0.2004	0.1023	1.0000	0.0576	0.0118	0.0774
10	0.1711	0.7911	0.3314	0.5078	0.5660	0.0774	1.0000	0.0004	0.0003	0.0009
100	0.0005	0.0020	0.1333	0.0171	0.3772	0.0013	1.0000	0.0003	0.0003	0.0003
1000	0.0380	0.5078	0.3314	0.3314	0.1451	0.0703	1.0000	0.0003	0.0003	0.0003
