MEANS
Generations	Cycle(10)	Cycle(9)	Cycle(8)	Cycle(7)	Cycle(6)	Cycle(5)	Cycle(4)	Cycle(3)	Swap	Insertion	Reversal	Scramble
1	1180.78	1184.33	1177.00	1182.11	1186.00	1182.22	1182.33	1182.78	1186.44	1183.22	1181.22	1181.67
10	1120.56	1115.56	1115.33	1115.22	1118.78	1116.89	1115.89	1116.56	1125.89	1144.78	1143.44	1144.22
100	1027.67	1021.33	1019.67	1017.22	1003.78	1002.44	991.56	984.67	974.11	1095.44	1089.78	1084.89
1000	960.22	959.11	953.22	949.56	942.22	942.56	926.67	922.78	911.44	1049.22	1042.00	1039.89

STDEVS
Generations	Cycle(10)	Cycle(9)	Cycle(8)	Cycle(7)	Cycle(6)	Cycle(5)	Cycle(4)	Cycle(3)	Swap	Insertion	Reversal	Scramble
1	7.90	5.48	8.19	5.42	3.28	7.85	10.57	7.60	8.29	8.83	10.18	2.69
10	7.49	4.53	7.53	7.08	3.99	7.27	9.37	8.56	5.60	10.47	7.55	5.76
100	9.63	6.78	9.14	10.57	7.10	9.88	9.82	7.31	7.70	11.99	8.20	6.68
1000	6.63	6.49	5.36	11.57	11.02	10.56	9.37	5.70	2.24	8.14	9.95	11.31

Wilcoxon ranksum P-val for column compared to Swap
Generations	Cycle(10)	Cycle(9)	Cycle(8)	Cycle(7)	Cycle(6)	Cycle(5)	Cycle(4)	Cycle(3)	Swap	Insertion	Reversal	Scramble
1	0.2164	0.5078	0.0637	0.2332	0.7911	0.2697	0.4529	0.2893	1.0000	0.4529	0.3099	0.1853
10	0.2332	0.0017	0.0062	0.0062	0.0118	0.0092	0.0305	0.0243	1.0000	0.0023	0.0007	0.0005
100	0.0003	0.0003	0.0003	0.0003	0.0003	0.0003	0.0020	0.0092	1.0000	0.0003	0.0003	0.0003
1000	0.0003	0.0003	0.0003	0.0003	0.0003	0.0003	0.0011	0.0006	1.0000	0.0003	0.0003	0.0003
