MEANS
Generations	Cycle(10)	Cycle(9)	Cycle(8)	Cycle(7)	Cycle(6)	Cycle(5)	Cycle(4)	Cycle(3)	Swap	Insertion	Reversal	Scramble
1	1181.67	1176.56	1180.00	1179.67	1181.22	1183.89	1183.44	1180.44	1185.44	1180.33	1183.78	1181.78
10	1113.11	1107.44	1108.00	1105.78	1107.11	1111.89	1108.67	1114.22	1117.44	1142.89	1133.22	1137.44
100	1006.67	1008.78	1000.44	998.89	987.56	984.89	977.89	966.78	957.11	1087.22	1068.89	1070.89
1000	944.67	943.89	930.33	932.78	929.00	927.22	917.67	908.11	900.67	1049.78	1036.89	1026.44

STDEVS
Generations	Cycle(10)	Cycle(9)	Cycle(8)	Cycle(7)	Cycle(6)	Cycle(5)	Cycle(4)	Cycle(3)	Swap	Insertion	Reversal	Scramble
1	6.28	6.42	8.37	7.14	5.12	7.32	3.17	9.26	5.27	7.92	6.26	6.08
10	5.75	4.59	7.60	4.06	8.71	7.36	6.20	8.01	5.90	7.99	5.63	5.57
100	8.20	6.48	7.68	11.27	9.71	6.62	7.13	11.78	6.94	11.81	5.40	11.11
1000	6.00	7.62	8.15	8.91	10.44	7.48	6.40	8.46	8.83	10.46	12.31	7.86

Wilcoxon ranksum P-val for column compared to Swap
Generations	Cycle(10)	Cycle(9)	Cycle(8)	Cycle(7)	Cycle(6)	Cycle(5)	Cycle(4)	Cycle(3)	Swap	Insertion	Reversal	Scramble
1	0.0934	0.0071	0.1023	0.0774	0.0774	0.7239	0.2510	0.1451	1.0000	0.1711	0.3772	0.1853
10	0.1711	0.0023	0.0217	0.0011	0.0071	0.1023	0.0092	0.2893	1.0000	0.0003	0.0004	0.0003
100	0.0003	0.0003	0.0003	0.0003	0.0003	0.0003	0.0004	0.0576	1.0000	0.0003	0.0003	0.0003
1000	0.0003	0.0003	0.0003	0.0003	0.0003	0.0003	0.0011	0.1711	1.0000	0.0003	0.0003	0.0003
