MEANS
Generations	Cycle(10)	Cycle(9)	Cycle(8)	Cycle(7)	Cycle(6)	Cycle(5)	Cycle(4)	Cycle(3)	Swap	Insertion	Reversal	Scramble
1	1178.56	1182.67	1182.00	1184.00	1182.22	1183.89	1179.78	1186.11	1188.00	1180.33	1177.22	1184.11
10	1119.78	1120.44	1121.89	1123.44	1121.89	1121.22	1119.44	1123.00	1128.11	1147.67	1143.22	1141.67
100	1035.00	1024.56	1030.00	1022.44	1014.67	1007.78	1004.67	989.11	979.67	1097.33	1095.22	1085.11
1000	969.89	962.78	967.00	953.78	953.33	944.89	937.11	921.22	915.89	1061.00	1045.78	1042.89

STDEVS
Generations	Cycle(10)	Cycle(9)	Cycle(8)	Cycle(7)	Cycle(6)	Cycle(5)	Cycle(4)	Cycle(3)	Swap	Insertion	Reversal	Scramble
1	10.49	4.09	7.66	10.15	6.16	10.88	5.74	6.90	5.68	5.10	10.01	9.01
10	8.69	3.00	4.48	9.54	6.83	6.50	5.66	5.79	6.86	6.48	10.93	4.58
100	9.54	6.62	8.92	5.32	6.63	9.73	6.02	6.49	7.25	5.32	8.60	6.07
1000	4.54	8.87	9.59	9.07	7.11	9.53	10.61	8.24	8.36	10.57	8.84	7.30

Wilcoxon ranksum P-val for column compared to Swap
Generations	Cycle(10)	Cycle(9)	Cycle(8)	Cycle(7)	Cycle(6)	Cycle(5)	Cycle(4)	Cycle(3)	Swap	Insertion	Reversal	Scramble
1	0.0469	0.0703	0.1120	0.4015	0.0851	0.5078	0.0081	0.7239	1.0000	0.0134	0.0081	0.4799
10	0.0273	0.0041	0.0637	0.5078	0.1023	0.0273	0.0081	0.2164	1.0000	0.0005	0.0054	0.0027
100	0.0003	0.0003	0.0003	0.0003	0.0003	0.0003	0.0003	0.0171	1.0000	0.0003	0.0003	0.0003
1000	0.0003	0.0003	0.0003	0.0003	0.0003	0.0003	0.0009	0.1023	1.0000	0.0003	0.0003	0.0003
