MEANS
Generations	Cycle(10)	Cycle(9)	Cycle(8)	Cycle(7)	Cycle(6)	Cycle(5)	Cycle(4)	Cycle(3)	Swap	Insertion	Reversal	Scramble
1	1188.44	1183.67	1187.11	1187.67	1183.22	1184.89	1190.56	1187.44	1185.33	1185.78	1187.44	1185.33
10	1139.78	1136.00	1137.00	1135.89	1137.67	1137.22	1140.22	1140.22	1139.78	1154.78	1154.89	1157.00
100	1067.67	1062.22	1057.44	1056.00	1050.89	1038.33	1032.00	1027.00	1018.89	1114.11	1123.22	1120.67
1000	993.22	1001.33	992.00	989.78	983.56	971.00	971.00	956.67	946.78	1071.22	1071.67	1066.00

STDEVS
Generations	Cycle(10)	Cycle(9)	Cycle(8)	Cycle(7)	Cycle(6)	Cycle(5)	Cycle(4)	Cycle(3)	Swap	Insertion	Reversal	Scramble
1	5.27	10.20	11.27	8.77	9.98	11.91	7.45	7.54	8.86	7.14	7.09	8.47
10	5.56	6.20	8.29	4.14	8.22	6.16	6.74	6.59	10.06	9.18	7.56	4.85
100	9.67	6.22	5.96	7.52	6.94	5.48	6.61	6.84	5.80	6.27	9.47	8.47
1000	8.14	9.08	6.89	8.12	6.35	5.36	10.17	8.72	7.38	14.02	10.65	9.95

Wilcoxon ranksum P-val for column compared to Swap
Generations	Cycle(10)	Cycle(9)	Cycle(8)	Cycle(7)	Cycle(6)	Cycle(5)	Cycle(4)	Cycle(3)	Swap	Insertion	Reversal	Scramble
1	0.5365	0.7911	0.7911	0.6272	0.5365	0.8598	0.2697	0.6588	1.0000	0.8253	0.6911	0.7911
10	0.7239	0.2164	0.5078	0.1577	0.2893	0.4799	0.8253	0.7239	1.0000	0.0047	0.0041	0.0006
100	0.0003	0.0003	0.0003	0.0003	0.0003	0.0005	0.0027	0.0134	1.0000	0.0003	0.0003	0.0003
1000	0.0003	0.0003	0.0003	0.0003	0.0003	0.0003	0.0007	0.0171	1.0000	0.0003	0.0003	0.0003
