MEANS
Generations	Cycle(0.5)	Cycle(0.4)	Cycle(0.3)	Cycle(0.2)	Cycle(0.1)	Cycle(3)	Swap	Insertion	Reversal	Scramble
1	1182.78	1184.56	1183.89	1187.89	1187.00	1181.00	1183.89	1181.89	1183.33	1184.56
10	1119.56	1115.78	1118.67	1121.00	1120.00	1116.11	1123.00	1148.33	1139.11	1137.44
100	987.00	979.44	977.33	971.89	970.67	981.44	967.56	1092.44	1079.44	1076.00
1000	920.56	914.56	910.00	909.22	906.44	917.67	902.89	1054.22	1037.89	1029.44

STDEVS
Generations	Cycle(0.5)	Cycle(0.4)	Cycle(0.3)	Cycle(0.2)	Cycle(0.1)	Cycle(3)	Swap	Insertion	Reversal	Scramble
1	5.78	7.52	6.15	6.55	5.24	8.80	5.73	8.13	5.83	6.69
10	4.36	3.87	6.02	6.65	6.52	6.37	7.21	4.53	8.21	6.29
100	9.68	10.11	10.27	6.68	4.87	11.74	6.93	8.31	9.02	9.57
1000	13.16	8.43	7.68	10.83	9.77	11.53	4.54	8.48	9.55	6.67

Wilcoxon ranksum P-val for column compared to Swap
Generations	Cycle(0.5)	Cycle(0.4)	Cycle(0.3)	Cycle(0.2)	Cycle(0.1)	Cycle(3)	Swap	Insertion	Reversal	Scramble
1	0.7911	0.6911	1.0000	0.4015	0.2164	0.3099	1.0000	0.5962	1.0000	0.8946
10	0.1223	0.0380	0.0934	0.5365	0.1853	0.0469	1.0000	0.0003	0.0005	0.0005
100	0.0009	0.0152	0.0521	0.1711	0.1451	0.0071	1.0000	0.0003	0.0003	0.0003
1000	0.0008	0.0047	0.0273	0.1223	0.5962	0.0193	1.0000	0.0003	0.0003	0.0003
