MEANS
Generations	Cycle(10)	Cycle(9)	Cycle(8)	Cycle(7)	Cycle(6)	Cycle(5)	Cycle(4)	Cycle(3)	Swap	Insertion	Reversal	Scramble
1	1181.33	1180.56	1189.33	1184.78	1179.11	1185.00	1180.22	1185.44	1186.78	1180.78	1183.78	1183.89
10	1121.44	1117.56	1122.56	1116.89	1115.33	1121.11	1119.67	1123.44	1124.78	1144.33	1145.78	1141.78
100	1030.22	1028.67	1021.33	1018.67	1013.89	1004.44	996.78	987.44	975.44	1096.33	1091.78	1086.33
1000	968.33	968.00	957.78	955.56	949.78	943.33	935.11	922.11	909.56	1054.44	1044.67	1039.33

STDEVS
Generations	Cycle(10)	Cycle(9)	Cycle(8)	Cycle(7)	Cycle(6)	Cycle(5)	Cycle(4)	Cycle(3)	Swap	Insertion	Reversal	Scramble
1	5.87	8.29	5.05	5.85	5.13	8.70	11.83	5.36	9.68	8.09	6.53	6.81
10	6.93	5.29	6.37	9.23	5.79	6.79	6.30	7.49	6.24	11.53	7.17	5.54
100	6.65	5.24	4.87	5.96	6.43	9.03	10.52	8.17	4.98	12.78	12.40	6.24
1000	8.93	5.94	8.98	10.36	9.72	7.98	10.64	8.67	12.05	7.30	13.45	10.59

Wilcoxon ranksum P-val for column compared to Swap
Generations	Cycle(10)	Cycle(9)	Cycle(8)	Cycle(7)	Cycle(6)	Cycle(5)	Cycle(4)	Cycle(3)	Swap	Insertion	Reversal	Scramble
1	0.2004	0.1223	0.8598	0.5962	0.0703	0.6272	0.2697	0.6911	1.0000	0.1853	0.4268	0.4799
10	0.2510	0.0217	0.5660	0.0243	0.0071	0.4015	0.0521	0.9296	1.0000	0.0027	0.0003	0.0003
100	0.0003	0.0003	0.0003	0.0003	0.0003	0.0003	0.0009	0.0007	1.0000	0.0003	0.0003	0.0003
1000	0.0003	0.0003	0.0003	0.0003	0.0003	0.0003	0.0007	0.0118	1.0000	0.0003	0.0003	0.0003
