MEANS
Generations	Cycle(0.5)	Cycle(0.4)	Cycle(0.3)	Cycle(0.2)	Cycle(0.1)	Cycle(3)	Swap	Insertion	Reversal	Scramble
1	1185.78	1183.56	1185.78	1183.56	1184.11	1180.44	1185.44	1180.33	1183.78	1181.78
10	1116.56	1112.67	1115.67	1118.00	1114.78	1114.22	1117.44	1142.89	1133.22	1137.44
100	969.56	964.56	964.11	964.67	959.11	966.78	957.11	1087.22	1068.89	1070.89
1000	912.22	906.56	899.78	899.89	903.44	908.11	900.67	1049.78	1036.89	1026.44

STDEVS
Generations	Cycle(0.5)	Cycle(0.4)	Cycle(0.3)	Cycle(0.2)	Cycle(0.1)	Cycle(3)	Swap	Insertion	Reversal	Scramble
1	7.95	4.77	3.63	10.45	5.73	9.26	5.27	7.92	6.26	6.08
10	7.49	8.51	7.19	7.55	5.12	8.01	5.90	7.99	5.63	5.57
100	12.28	5.39	5.42	7.98	10.07	11.78	6.94	11.81	5.40	11.11
1000	7.68	9.00	6.36	5.86	8.55	8.46	8.83	10.46	12.31	7.86

Wilcoxon ranksum P-val for column compared to Swap
Generations	Cycle(0.5)	Cycle(0.4)	Cycle(0.3)	Cycle(0.2)	Cycle(0.1)	Cycle(3)	Swap	Insertion	Reversal	Scramble
1	0.4799	0.3099	0.9648	0.8946	0.7239	0.1451	1.0000	0.1711	0.3772	0.1853
10	0.7573	0.2004	0.5660	0.6588	0.3314	0.2893	1.0000	0.0003	0.0004	0.0003
100	0.0217	0.0118	0.0423	0.0243	0.2332	0.0576	1.0000	0.0003	0.0003	0.0003
1000	0.0118	0.2332	0.7239	0.5365	0.4268	0.1711	1.0000	0.0003	0.0003	0.0003
