Instance	Evaluations	Cycle(0.75)	Cycle(0.5)	Cycle(0.25)	Cycle(5)	Cycle(4)	Cycle(3)	Swap	Insertion	Reversal	Scramble
1	100	37349	35816	38055	37293	32554	37323	33647	33108	38457	39893
1	1000	28565	27603	23713	26221	28066	25810	21596	20115	18699	35924
1	10000	18456	15743	13768	19160	17334	15565	13114	11814	8342	27582
1	100000	11914	11280	11365	11940	10310	11340	10215	8806	4232	17578
1	1000000	9344	8680	8533	9431	9797	9414	7613	6694	3178	13541
1	10000000	8009	7036	7561	7570	8249	7809	7103	5963	3141	9778
2	100	33184	35456	33057	36091	35181	33361	35322	35515	38495	43832
2	1000	25844	23646	23110	28084	24718	26759	24416	21884	16857	32537
2	10000	16617	16456	14567	17532	17102	14766	14052	13243	8204	22292
2	100000	12498	12170	11287	13004	12031	10907	9323	8691	5430	18051
2	1000000	9889	9282	8409	9755	9868	8778	8595	6179	3305	10965
2	10000000	8159	7584	6899	8179	7694	7146	7148	5612	3104	12076
3	100	31742	35296	35093	36114	33333	34013	36030	32549	30286	41176
3	1000	25585	26394	23524	28673	24947	24059	21437	21053	19733	32734
3	10000	15251	16141	15189	15400	18123	14995	12760	12038	8099	22578
3	100000	11396	10783	9788	13339	12273	10545	10368	8084	4434	18492
3	1000000	9449	8939	8608	10392	9242	9043	8175	6453	3308	12264
3	10000000	7935	7227	6551	8466	7398	6996	6986	5306	2800	10908
4	100	37681	33824	35334	36248	33912	35397	35299	38922	35176	38088
4	1000	27367	25469	26565	25654	23032	25180	23919	19899	20022	35702
4	10000	18064	16752	14286	18050	18301	16458	13794	12477	8797	27536
4	100000	12602	11563	8956	13850	12088	10557	9053	8321	4358	17200
4	1000000	9229	8318	7451	10018	9078	9524	7593	7460	3321	13904
4	10000000	7974	7163	6682	8224	7231	7015	6668	5426	2856	10501
5	100	40075	38187	38949	36948	35322	39944	40672	39391	36622	38377
5	1000	28249	25013	22453	24060	27682	22842	21345	20551	19601	36173
5	10000	17221	15161	15147	16892	15271	14800	13971	12105	8291	24241
5	100000	12839	11920	10872	12773	11211	11953	9217	9478	4993	17549
5	1000000	8894	8831	8719	9639	9727	8737	9014	6222	3247	12938
5	10000000	7735	7363	7620	7933	7586	7528	7457	5749	3155	11928
6	100	39321	35558	35751	36418	37858	37566	30944	32506	35805	39144
6	1000	29223	23897	23142	28176	26142	24563	22405	24863	18820	35228
6	10000	18212	15885	14915	17625	17768	14948	13231	12787	8162	23958
6	100000	12295	11324	9643	12048	12256	10259	9032	8176	4028	18668
6	1000000	9002	7427	8520	9562	9044	8758	8007	6410	3404	13166
6	10000000	7161	7329	7012	7386	7316	7371	7028	5379	2915	11205
7	100	37958	35373	31703	34422	37163	35639	34142	37071	33648	38282
7	1000	27903	25788	22894	27207	26040	25077	24461	24294	20257	34156
7	10000	18557	15756	15398	17506	17462	15533	14384	10904	7651	23044
7	100000	12113	11657	9509	12359	12429	10919	9460	8050	4517	19050
7	1000000	9380	9615	8574	9750	9358	7942	8251	5730	3374	13439
7	10000000	8151	7240	7130	8081	7776	7667	7431	5922	3015	11367
8	100	41309	39755	37540	32542	36903	36166	36408	35121	38589	38201
8	1000	26264	23203	22791	25054	24076	25725	22738	22109	19115	31167
8	10000	18569	15944	14538	17926	16164	14259	13858	12266	8325	24453
8	100000	11533	9526	8546	13893	11393	11790	8302	8531	4725	15358
8	1000000	10047	9604	8847	9866	8029	8259	8318	6224	3251	12546
8	10000000	8058	7390	6581	7859	8025	7533	6707	5540	3018	12057
9	100	38501	39939	39491	39582	36590	31659	33709	33202	36770	41719
9	1000	24787	23716	24364	28148	26272	25366	22151	22151	20810	32867
9	10000	18096	16316	14927	16588	15544	16775	13940	12391	8125	25274
9	100000	13033	11540	10595	12931	10069	10219	9223	8643	4607	18736
9	1000000	10441	9028	8573	9693	9422	9308	8231	6605	3730	14834
9	10000000	8072	7741	7211	7806	7604	7842	6789	5771	3179	11367
10	100	37428	36288	38183	36682	34729	37003	39889	37068	37416	40682
10	1000	29110	26204	24212	25187	26006	24468	23475	22501	17538	36507
10	10000	16284	15852	14379	16093	16460	14605	13319	11193	6411	25770
10	100000	11871	10061	9975	12028	11031	9100	9153	9117	3897	15472
10	1000000	8960	7648	7209	9108	8341	7688	7347	5873	2805	13013
10	10000000	7182	6907	5974	6995	6733	6826	6336	4608	2332	9771
11	100	37754	35751	34937	33744	31570	33135	40499	35292	28779	38224
11	1000	26653	23170	21399	24449	25030	25997	21067	21521	20075	31722
11	10000	17016	16430	13960	16724	14323	14133	13070	10979	7597	23713
11	100000	12277	10732	10775	11224	10781	9935	9437	8443	4376	17191
11	1000000	9779	8124	7970	9100	8759	8603	7115	6588	2920	14040
11	10000000	7344	6391	7120	7640	6999	7153	6920	5289	2722	10049
12	100	37833	39705	33661	35134	31063	35840	34627	35862	36381	43597
12	1000	27496	25733	23964	26405	25540	24318	22339	22388	17609	34270
12	10000	15176	15272	12929	17461	15313	15279	14042	11228	7915	27227
12	100000	11777	10385	9276	10423	11416	9953	9229	8377	4128	17580
12	1000000	8905	8367	7724	9680	9248	7445	8360	7422	3358	13413
12	10000000	7403	7303	6975	7450	7667	6691	6736	4753	2757	10704
13	100	40959	36191	33418	36954	37716	35078	39686	39814	35772	43258
13	1000	24769	24132	24228	26037	24063	21507	22496	20519	19836	34337
13	10000	17099	15033	13738	17387	15757	15147	13529	12150	8095	23969
13	100000	11035	10453	9073	11546	10844	10384	10307	8760	4446	18705
13	1000000	8748	9140	8088	9550	8529	8130	7936	6137	3350	12197
13	10000000	7813	7303	7531	7638	7458	7769	7232	6244	2881	11389
14	100	36369	32459	33607	36036	34839	31591	32918	34991	35447	39355
14	1000	28671	22466	21217	24265	23673	24843	22786	18977	17609	33944
14	10000	17396	14887	15268	16595	15298	15151	12010	13242	7196	26644
14	100000	13559	10958	8903	11018	10616	10663	9274	8497	4314	17051
14	1000000	9144	7765	8169	9235	8701	7897	7835	6710	3186	12136
14	10000000	7062	6633	6887	7422	7095	6904	6477	5164	2660	11217
15	100	39747	33373	34106	41695	37667	37678	35615	41279	32179	39798
15	1000	29803	24326	23249	28209	26504	24412	23093	23175	16943	32303
15	10000	18444	17493	14057	17856	14635	15996	15127	13446	8583	26040
15	100000	13290	12082	9440	11977	11433	12203	9709	9828	4450	18545
15	1000000	10746	9441	8546	9169	8689	9423	7072	6256	3783	14124
15	10000000	8387	7214	7467	8465	8187	7216	7570	5811	3281	10734
16	100	34941	33859	38652	31337	36570	32611	34957	38217	30944	38025
16	1000	25745	25756	21527	25456	26944	21849	21809	18584	17558	32734
16	10000	15778	17017	13477	16935	15056	13888	14353	12349	8099	25735
16	100000	13102	10813	9080	11457	10309	10385	9450	7318	3972	19604
16	1000000	8909	7802	8205	8194	8593	8198	7459	6863	3205	11128
16	10000000	7711	7323	6892	7594	7362	6674	6742	5411	2921	10731
17	100	38316	34844	33711	36805	32701	33067	33912	33629	35571	40697
17	1000	28077	26048	25201	26699	24588	23565	25069	22511	17840	33570
17	10000	17549	14524	13254	17280	14703	14619	14461	11473	8177	23878
17	100000	11386	11241	10602	12642	11426	10697	9757	8534	4190	18407
17	1000000	9628	8154	7666	9773	8748	8586	7515	6422	3546	13695
17	10000000	7980	7074	6946	7660	6870	6707	6943	5697	3156	11508
18	100	37931	36396	39540	34748	36861	35390	36065	30631	33167	40843
18	1000	27097	22875	24811	23968	25265	27432	24917	22799	17332	34135
18	10000	17656	16583	15333	20580	18730	17113	14234	12263	8062	27943
18	100000	12441	9196	11389	12633	11658	10347	9001	8208	4813	16322
18	1000000	9423	8327	7533	10868	9768	8852	7862	6029	3512	12835
18	10000000	7896	7313	7046	7954	7288	7358	7323	5529	2861	10038
19	100	36609	37252	33870	35871	39619	37335	31363	36340	32390	40047
19	1000	26143	25070	22737	24286	26253	25711	26065	23235	20288	30748
19	10000	16376	16325	14019	16165	16316	16256	14370	12145	8872	23783
19	100000	13096	10003	10058	12454	10820	10452	9405	8336	4405	17369
19	1000000	9466	8946	8652	10322	8932	8971	6729	6547	3310	14498
19	10000000	7712	7390	7151	7565	7497	6953	7090	4912	2866	10024
20	100	37289	33973	31592	30420	34415	32372	39108	36633	37922	38189
20	1000	25759	24809	23879	26627	24794	25106	20973	17838	18595	31665
20	10000	17245	13663	12121	16627	15491	15128	13329	11401	7625	25740
20	100000	11661	9603	10080	12573	11063	10304	9097	7691	4604	17543
20	1000000	10219	8384	8005	9327	8700	8304	7779	6490	3369	15565
20	10000000	7498	7197	7133	7611	7498	7581	7001	4998	3055	11334
21	100	35110	36449	35975	34191	35215	35212	31236	37062	36022	39278
21	1000	28568	26114	22443	25183	24564	24320	27174	23611	20763	34671
21	10000	17283	15600	14845	18206	18048	15808	13817	12778	8384	26564
21	100000	13069	12006	10663	13179	11380	11035	9337	8604	4985	17176
21	1000000	9917	9306	9002	10349	9891	8739	8184	6787	3183	14401
21	10000000	8298	7339	7406	8410	8144	7996	7568	5467	3005	10316
22	100	40682	34533	35197	32894	36915	37920	36268	34587	35204	43618
22	1000	25068	26311	21708	24665	24224	23040	22810	22173	16697	30696
22	10000	17348	12310	13355	17118	16606	14526	13157	12284	7790	23048
22	100000	12192	11591	10780	11502	11993	10013	9896	8762	4394	17599
22	1000000	9808	8780	7732	9736	9222	8470	7915	6606	2916	14567
22	10000000	7807	7572	7318	6929	7767	7307	7049	5794	3047	10265
23	100	38369	41284	33289	36032	37253	33756	38452	35598	35611	39608
23	1000	25542	26187	22207	25155	23730	20862	21617	22213	19396	33934
23	10000	18873	14960	13462	18000	14826	16049	14559	11680	7926	24648
23	100000	12916	10852	10224	12070	11735	10404	10102	7893	4223	17073
23	1000000	9189	8421	8085	9167	8924	7366	7907	5706	3035	14299
23	10000000	7908	7004	6767	7576	7510	6979	6563	5375	2669	11004
24	100	38655	33534	36118	36297	37811	37275	38789	39150	36248	40662
24	1000	29411	26072	25086	25757	26853	25688	26850	21177	18957	35967
24	10000	17998	17456	12853	17326	16524	14995	13749	13093	8517	24826
24	100000	13525	11588	10451	12607	10945	9902	9791	6908	5050	18165
24	1000000	10310	9353	9280	10672	10443	9344	7893	7015	3820	14948
24	10000000	8375	7255	7257	8378	7688	7845	7271	5721	3094	10845
25	100	35356	34199	34854	33612	37200	32695	30643	33677	31750	41637
25	1000	26420	26783	22136	24074	23492	23391	24516	21780	19791	31881
25	10000	16051	15059	13817	16440	14130	13651	14045	11063	7048	22846
25	100000	11226	10525	9475	11612	11944	9945	8936	7669	4084	17980
25	1000000	9440	7970	7833	8487	8351	7576	8065	6218	3200	12781
25	10000000	7545	7095	6948	7237	6957	6604	6486	5374	2552	9925
26	100	37518	37098	33804	35056	36541	34707	38783	36160	36350	38531
26	1000	27474	24860	21021	25686	25768	25495	20869	21624	16603	32806
26	10000	17679	14705	14481	16452	16246	14309	13454	10995	7869	25214
26	100000	11825	11031	9829	12585	11892	9806	8727	8349	3801	17820
26	1000000	9522	8396	7978	8905	8366	8550	7633	7253	3253	13307
26	10000000	7649	7439	7349	7677	7346	6897	6962	5371	2974	9814
27	100	34672	38833	36027	34262	37021	37850	34244	35351	34378	40950
27	1000	25783	26406	21817	25148	26071	23555	22603	20995	20901	33797
27	10000	18624	15696	15500	17851	15806	14879	13604	11370	7318	24678
27	100000	11949	11019	9752	10576	11918	10106	8046	6884	4291	18450
27	1000000	9542	8935	7880	9424	8463	8515	7187	6384	3159	13964
27	10000000	7578	7269	7151	8293	7435	6736	6558	5433	2823	10197
28	100	40144	38921	36599	34196	36951	33018	35496	36596	35248	43875
28	1000	27564	23226	23097	27159	24061	26587	22572	22675	20336	34082
28	10000	17848	17232	15243	17747	15207	15678	13108	10751	7934	21910
28	100000	12646	11077	10092	12393	9838	10586	10220	9281	4162	17329
28	1000000	9209	8023	8233	8985	8323	8484	7021	6767	3108	12749
28	10000000	7658	7248	6680	7588	7452	6734	6880	5265	2637	10338
29	100	39143	37467	33881	39111	37064	34774	34263	36819	33825	41464
29	1000	29383	28016	23169	27179	26710	25821	24565	23005	20079	32237
29	10000	16967	16975	14454	16634	15995	15362	13617	12909	8064	22877
29	100000	13045	11099	11682	13051	10808	10920	10300	7639	4548	15640
29	1000000	9679	8303	8131	9943	8973	8104	8193	6958	3322	12119
29	10000000	8041	7563	7168	7886	7594	7444	5822	6065	3052	11214
30	100	36741	34782	34672	36929	37338	41330	39147	36244	30198	43429
30	1000	29798	29155	23948	29157	27916	24335	24037	20692	18954	35304
30	10000	17536	17453	14754	16433	17669	15227	12761	13223	8011	23667
30	100000	14107	10558	9984	12256	12253	12030	10116	7521	4230	17444
30	1000000	10250	8865	8305	8898	8585	9299	8000	6536	3625	15286
30	10000000	8487	7574	7133	7744	8343	7355	7713	5642	2779	10571
31	100	36862	34002	37202	32921	34548	32521	36981	36907	34450	40173
31	1000	28351	25218	23812	29647	25978	21954	22462	20117	19978	33533
31	10000	16839	15429	14321	18324	18148	14996	13971	12436	9270	24262
31	100000	14040	11082	10935	13694	11009	9866	9831	7590	4119	17502
31	1000000	10202	8350	8746	10402	9447	8513	8084	6598	3412	13179
31	10000000	8496	7077	7503	7694	7833	7750	7337	6124	3077	11955
32	100	34925	32298	35643	34886	35265	33335	35022	35476	36886	42018
32	1000	27213	25333	24437	26343	25523	24413	23711	20649	18842	31797
32	10000	16828	15047	13163	19840	15973	14542	12637	12068	8528	24574
32	100000	12443	11312	9385	12263	12469	10246	10273	8326	3820	18833
32	1000000	9979	7888	8753	8963	9221	9587	7811	6962	3336	14517
32	10000000	7729	7097	6817	8066	7735	7538	6980	5301	2791	11119
33	100	35662	35077	35215	35840	34832	35642	35998	34093	37041	41088
33	1000	27771	25906	24046	23656	25464	22990	23316	21992	17219	35956
33	10000	17176	15136	15102	17554	16641	15756	14572	12815	8377	24189
33	100000	12325	11651	10351	12350	11633	9456	10629	7978	3867	15946
33	1000000	9899	9438	7948	9560	8300	8763	7705	6172	3038	12504
33	10000000	7838	7870	7299	7208	6732	7057	7127	4946	2585	11536
34	100	39745	38338	34614	39661	37047	37585	35105	33541	29756	40601
34	1000	26746	25551	23535	25110	27493	24888	21228	21300	18768	36222
34	10000	19824	14502	16460	15624	16182	14644	13889	13286	7774	24770
34	100000	13489	10331	9923	11520	10095	11179	9601	8543	4585	18655
34	1000000	9358	7906	7626	9691	9802	8744	8639	6658	3284	14392
34	10000000	7751	7515	6944	7644	7718	7523	6889	5657	2697	11291
35	100	35665	35913	35477	35672	39384	34663	32781	35179	35125	40919
35	1000	27135	26321	24305	26952	24688	25126	24053	22201	21940	33731
35	10000	19676	15570	14511	17724	16017	17202	13948	12326	8907	28098
35	100000	12574	11967	10070	13044	11854	11678	10580	7947	4508	18351
35	1000000	10998	9465	9081	10051	9672	8713	7770	6907	4013	15116
35	10000000	8362	7713	7592	8550	8295	7856	7623	5792	3533	11048
36	100	38430	31078	31349	34268	33424	36234	34158	37937	30896	41338
36	1000	26356	25867	23446	24559	26384	24906	24537	21661	20012	36696
36	10000	17020	17193	13867	18243	15438	15127	13014	12434	7920	22156
36	100000	12888	10681	9349	11491	11499	10015	8772	8295	3860	17716
36	1000000	9412	7553	6401	9931	8703	8910	7720	5896	2957	13382
36	10000000	7545	7189	6564	6872	7379	6918	6821	5460	2657	9505
37	100	33031	34690	33366	39160	30420	32657	37521	33520	31857	39513
37	1000	23800	22497	23128	24072	24275	23784	21654	20916	17943	33978
37	10000	15103	15670	14039	15876	14857	14255	13123	10661	7938	25027
37	100000	11466	11569	9126	11131	10627	10295	8768	7656	4136	15769
37	1000000	9717	7790	7607	8878	9048	7898	7224	6577	3116	12430
37	10000000	7369	7150	7057	7656	7080	7036	6924	5554	2939	9247
38	100	37520	34770	35709	35091	31302	35035	34135	36201	33498	39738
38	1000	28485	22333	22967	27828	24584	22998	22354	20017	15614	32797
38	10000	19995	15688	13514	17083	14886	14522	14179	11891	7435	22538
38	100000	12113	11261	9936	11247	11961	10172	10047	8382	3826	21180
38	1000000	8669	8758	7044	9280	8889	8976	7923	5774	2821	14579
38	10000000	7045	6979	7297	7641	7219	6990	6730	5332	2841	10519
39	100	35740	35381	36971	36558	37161	36780	32999	34988	39744	40587
39	1000	24061	24902	25906	25794	24589	24466	22902	21633	17643	34944
39	10000	16545	16694	14585	16083	15415	14418	12689	14431	8946	24777
39	100000	12868	10642	10334	12508	10123	9747	9375	8579	3982	17339
39	1000000	8805	8613	8013	9503	8524	8780	8798	7099	3427	13771
39	10000000	7822	7548	7329	8069	7886	6828	6954	5041	2858	10304
40	100	40736	38700	34445	34617	33936	36221	37088	32912	34827	40760
40	1000	26324	24187	23453	27557	25512	23131	20676	21991	18767	33341
40	10000	16283	13466	14002	16781	14604	14660	14088	13675	7972	25273
40	100000	14162	9765	10367	12012	11239	11625	9554	7873	4558	16205
40	1000000	9874	8822	8165	9016	9288	8537	7908	5965	3688	12418
40	10000000	7453	7506	7106	7895	7439	7085	7295	5950	2977	9476
41	100	40320	34809	34278	38753	34955	31537	32166	37255	34917	40267
41	1000	26700	23782	23018	25567	23526	22613	20560	20365	18680	33449
41	10000	18692	14441	14757	16585	16331	14247	12998	12176	7868	24341
41	100000	11683	9919	9074	12329	10872	10073	9862	7714	3718	16387
41	1000000	9481	8158	7149	8457	9182	8014	7974	5978	3201	13793
41	10000000	7224	7235	7030	7164	7069	6894	6507	5001	2862	10393
42	100	36529	37335	29921	35513	33979	37854	34444	37474	37827	42152
42	1000	29180	25645	24089	25066	26452	25835	21681	21405	18439	33062
42	10000	17898	15022	13287	17969	16180	15439	13210	11232	8523	25020
42	100000	11968	10713	10416	12300	11540	9532	8947	8051	4231	14948
42	1000000	10040	8026	7970	8654	8555	7799	7493	6182	3363	15393
42	10000000	7391	7465	6899	7791	7099	7068	6794	5493	2800	10727
43	100	38924	38302	36333	36696	36155	34989	33068	36766	35661	43666
43	1000	28482	25241	25051	26409	27755	22505	23135	23159	18862	33986
43	10000	18164	15456	14987	15275	16491	15580	14024	12338	8778	22420
43	100000	12384	9959	9609	12731	13368	10866	8585	9674	3863	17452
43	1000000	8837	7556	8675	9620	9372	8664	8025	6444	3277	13952
43	10000000	7810	6992	7212	7191	7493	7279	6619	5328	2759	9961
44	100	39524	39930	34421	36421	37506	37253	34600	34472	34472	38831
44	1000	28054	23376	23824	24252	25242	23914	20735	19725	17985	33012
44	10000	17335	14985	14298	14745	17116	14968	14954	11013	7884	23748
44	100000	11631	10679	9896	10968	10910	10304	9892	7386	4026	17313
44	1000000	9120	8473	7125	9004	8922	7916	6797	6086	3322	11156
44	10000000	7252	7252	7094	7039	7228	7025	6787	5742	2580	11043
45	100	39511	36449	36273	36888	36858	34524	33786	33642	32982	38167
45	1000	25810	24746	23768	24872	25420	25840	22858	25883	18726	33403
45	10000	18892	16425	15124	16857	16189	15519	12692	11373	7974	21642
45	100000	11763	10972	10925	12307	12019	10575	10086	9566	4694	18727
45	1000000	9971	8491	8384	9769	9421	8358	8262	6862	3216	15555
45	10000000	8149	7157	6892	8445	7116	7158	6373	5656	2582	11642
46	100	37104	35904	34153	35783	35573	36600	35546	32565	38652	40275
46	1000	27394	24747	22275	25337	26426	24693	22724	21111	17983	32067
46	10000	17106	15223	12844	17787	16922	15519	13334	13004	7925	21643
46	100000	13117	10503	9887	11004	10474	9702	9573	9038	4017	19200
46	1000000	9555	8632	7866	9267	9003	8082	7751	6351	3588	13977
46	10000000	7269	7547	7310	7634	7606	7003	6766	5531	2944	11121
47	100	39008	36383	35296	38213	31780	37456	33594	32889	36265	42573
47	1000	26740	25054	24370	26538	23592	25092	24807	23054	17957	32631
47	10000	18394	13962	14156	16233	16113	16898	15137	11950	7774	21953
47	100000	12427	10571	10005	11751	11958	10319	8132	8360	4132	19255
47	1000000	10281	8595	7512	8917	9305	8376	7803	6264	3585	13057
47	10000000	7703	7250	6612	8015	7142	6925	6669	5387	2774	11181
48	100	34972	29824	33649	35017	34556	31210	36115	31215	35584	39567
48	1000	25409	23308	21581	25175	25755	23374	21189	17242	16543	32730
48	10000	17296	15464	13157	17096	17302	13786	12722	11809	8735	22815
48	100000	13089	9859	9393	10545	11223	10798	8695	8159	3881	16709
48	1000000	9198	8736	7953	9252	8154	7968	8084	6297	2858	12836
48	10000000	7404	6819	6236	7268	7485	6685	6457	5132	2728	10714
49	100	38264	31815	36743	38000	40113	36663	34464	35116	40579	43345
49	1000	26924	25603	23469	26011	26115	25227	23870	21850	19802	34969
49	10000	18366	15570	15249	17642	15629	14857	13666	11165	7903	26837
49	100000	12724	10554	9924	12295	11098	11424	9904	7978	4290	18859
49	1000000	9928	8632	8646	9647	9217	7638	7662	6313	3150	13317
49	10000000	8161	7607	7470	7781	7413	7303	7020	4720	2936	10329
50	100	35900	37567	36820	34392	32341	35534	33415	34754	36224	42109
50	1000	25116	24415	23645	28193	26207	24576	22908	21480	18731	32939
50	10000	16988	15559	15712	16977	15630	14152	13064	12703	7896	24801
50	100000	11234	10964	8795	12863	10119	9840	9079	7750	3495	16469
50	1000000	8783	8573	8135	8798	9481	8168	7088	5773	3114	14378
50	10000000	7403	6834	6358	7761	7529	6941	6610	4682	2646	9990
