Instance	Generations	Cycle(0.75)	Cycle(0.5)	Cycle(0.25)	Cycle(5)	Cycle(4)	Cycle(3)	Swap	Insertion	Reversal	Scramble
1	100	32152	30812	33797	32625	32777	36521	34430	36048	36038	38722
1	1000	21897	18344	18630	21147	18639	19983	17409	17920	14528	32028
1	10000	13340	12279	10219	11899	12912	10532	10423	9912	5535	20455
1	100000	9434	9106	9599	9267	9891	9415	10010	8451	3451	15693
1	1000000	8135	7982	8284	8232	7715	8621	10010	8451	3451	12186
1	10000000	6901	6884	7114	7362	6724	7143	10010	8451	3451	10179
2	100	32852	32427	29724	37306	35268	32973	33432	34079	38054	37604
2	1000	19942	18891	17830	20641	21205	19660	19131	18455	14053	27491
2	10000	13114	10828	10832	12629	11126	11422	10824	9633	6702	19855
2	100000	8942	8722	9180	7548	9259	9776	9495	7469	4476	16382
2	1000000	7753	7720	8841	7403	8166	7720	9495	7469	4476	11824
2	10000000	6914	7720	7612	7357	5954	7720	9495	7469	4476	10909
3	100	35995	34080	32940	29332	31493	33048	31937	29705	33060	38287
3	1000	20389	19406	18869	19949	17941	18669	19918	16694	13023	26361
3	10000	13286	11161	11668	12725	12678	11010	10826	8765	5078	16850
3	100000	9590	8404	9431	8724	8780	7899	9636	7158	4119	14325
3	1000000	7963	7412	8630	7101	7124	6430	9636	7158	4119	12079
3	10000000	6884	6698	6738	6238	6150	6082	9636	7158	4119	9845
4	100	36731	33035	34240	32556	32092	34191	33204	34021	35802	39191
4	1000	21969	18727	18796	20485	19848	19399	18289	15479	17330	27827
4	10000	14093	12953	11245	13674	13750	11843	10493	10423	5442	18576
4	100000	8853	8798	8992	7849	8688	8805	9708	8216	4240	15108
4	1000000	7709	7703	6975	7524	7550	7355	9708	8216	4240	12802
4	10000000	6153	6465	5682	6401	6562	6064	9708	8216	4240	10441
5	100	34656	35477	33644	36516	32983	34900	34939	31605	33419	43336
5	1000	21837	21907	18450	20395	18864	19914	18838	15895	13377	30846
5	10000	13841	11761	10823	12571	13248	12133	10545	9543	5234	21602
5	100000	9326	8886	8969	9227	9484	9465	9428	8818	4316	16451
5	1000000	7946	8568	8652	8793	7878	7029	9428	8818	4316	12657
5	10000000	6763	7831	7107	6795	6327	6942	9428	8818	4316	11548
6	100	32430	33346	29212	34283	35236	36157	31744	33293	37216	37091
6	1000	23155	19372	19230	21536	22045	19851	19565	16875	14989	26853
6	10000	14303	11168	10712	12942	13338	11200	10450	10898	5279	18532
6	100000	9797	7982	8660	7588	9080	8511	9135	9884	3297	15566
6	1000000	7476	6732	7208	7053	7456	7392	9135	9884	3297	12600
6	10000000	6219	6359	7208	7002	7304	7260	9135	9884	3297	11576
7	100	34057	34307	32968	31470	31935	33635	35038	32353	32918	40392
7	1000	21602	18388	17738	20388	19552	20170	18555	19206	13849	31910
7	10000	13573	12540	12167	13613	13085	10991	10170	10565	5340	20435
7	100000	9825	8204	7319	9738	9503	8490	9793	8405	3862	16418
7	1000000	7564	7177	6651	7786	7878	6654	9793	8405	3862	12994
7	10000000	6713	6531	6373	7103	6724	6448	9793	8405	3862	11699
8	100	36358	33663	32884	38536	35755	29317	34743	32312	35558	35480
8	1000	21545	21760	16971	21746	20718	19239	15117	16711	13313	28528
8	10000	11876	11908	10063	13467	11953	12283	10366	9334	5403	19544
8	100000	8900	8630	9156	8626	8959	8906	9306	7534	4075	14694
8	1000000	7514	7486	7259	8134	7279	7013	9306	7534	4075	12757
8	10000000	6860	6657	6424	6648	6452	6887	9306	7534	4075	10943
9	100	33756	36645	31560	35040	29355	32249	33854	35199	33328	36848
9	1000	21963	19288	19793	20251	20095	20115	18510	18473	13745	29501
9	10000	13734	12063	10797	12826	12464	11683	12602	11339	5257	19613
9	100000	9256	8720	8491	9170	8909	9252	10007	7641	3907	16332
9	1000000	6814	7769	7758	7245	7595	7677	10007	7641	3907	13588
9	10000000	6346	6748	7346	6383	7037	7409	10007	7641	3907	10958
10	100	32822	31868	33045	33077	36293	31572	32684	32936	32508	38212
10	1000	19934	18863	18286	19560	20219	19408	17562	15846	12260	27786
10	10000	12511	11158	10322	13127	12399	10489	10109	8572	3958	19589
10	100000	8642	7923	8654	9392	9136	8454	8732	7109	3301	14534
10	1000000	7204	6667	7356	7045	7318	7438	8732	7109	3301	12216
10	10000000	6086	6565	6723	5468	5593	6641	8732	7109	3301	9886
11	100	32280	30356	31511	33656	35290	30875	32379	28231	30326	38680
11	1000	20045	20633	18216	22728	20114	17339	16114	15323	13655	30025
11	10000	13499	11467	10022	14340	11541	12332	9597	8894	5315	18642
11	100000	9044	8601	7775	9130	8746	8233	7965	7487	3282	14506
11	1000000	7867	7140	7467	7695	6977	7307	7965	7487	3282	11145
11	10000000	6806	6348	6382	6334	6642	7125	7965	7487	3282	10751
12	100	33092	36969	35380	32154	28412	35100	31416	33322	31732	36833
12	1000	20267	18022	17764	19182	20842	19548	16667	16338	13437	28334
12	10000	12273	11458	11458	13465	11057	11614	9937	9621	5248	20545
12	100000	8711	8455	9400	8403	7420	9012	8059	7789	3997	14942
12	1000000	7337	7168	8414	7060	6754	7223	8059	7789	3997	12884
12	10000000	5716	6324	6414	6309	5871	6423	8059	7789	3997	11018
13	100	36954	34673	33026	31222	30145	34515	33867	31701	29871	38113
13	1000	21852	17863	18423	19988	21492	20669	18358	15866	12404	27961
13	10000	13924	10680	10484	13207	10971	11253	11302	10632	5372	20647
13	100000	9921	9619	9015	8397	9437	7651	10350	8298	4548	14934
13	1000000	8067	8497	8671	7334	8398	6566	10350	8298	4548	12090
13	10000000	6942	6500	6501	6760	7121	6236	10350	8298	4548	10565
14	100	32675	31335	34280	32609	31209	33180	29992	34171	36084	37701
14	1000	20446	17836	16617	19573	19135	18114	17804	18157	12617	30064
14	10000	12440	11671	10657	11742	11952	11655	9845	9909	5114	20546
14	100000	7137	9497	8749	7981	8244	9011	8005	6905	3742	14690
14	1000000	6493	7406	7232	6957	6970	7362	8005	6905	3742	12258
14	10000000	6493	6391	6194	5992	6633	7320	8005	6905	3742	10878
15	100	36573	32100	33576	35005	33315	32936	32581	32664	33892	39474
15	1000	21314	21096	19192	21033	20957	19480	16478	18043	14063	30271
15	10000	13273	11151	11781	13228	11884	12309	10597	10479	5561	19640
15	100000	9270	10116	9238	9443	9040	8809	9345	9322	4454	16355
15	1000000	7270	7505	8334	7614	7373	7698	9345	9322	4454	14224
15	10000000	7105	6893	7411	6842	6174	6948	9345	9322	4454	11818
16	100	31056	34725	31283	29186	33929	34367	31605	36468	32767	39542
16	1000	19605	17071	17379	18518	18551	18035	18172	15384	12683	28259
16	10000	12750	11544	10641	12997	11598	10042	10305	9659	5073	18658
16	100000	9108	7419	8028	8272	8711	7178	8629	7388	4000	14109
16	1000000	7038	6395	7657	6867	6782	6301	8629	7388	4000	12587
16	10000000	6038	5971	7016	5293	6675	6246	8629	7388	4000	10604
17	100	32701	31941	32350	31993	35828	31267	31397	30015	32438	37528
17	1000	21232	18510	18103	21543	19288	17920	17360	16080	13542	29840
17	10000	13896	11669	10392	12139	12707	10137	11139	8695	5555	18495
17	100000	8813	9072	8742	9851	8988	7890	8975	7587	4352	12469
17	1000000	7904	8122	7639	8162	6957	6525	8975	7587	4352	11643
17	10000000	7865	6280	6227	6520	5783	6525	8975	7587	4352	10167
18	100	34647	36513	34781	36993	35222	37117	33331	33874	34889	38548
18	1000	20325	21416	18267	20751	19461	18807	18828	18611	14162	30065
18	10000	12002	11533	10685	12214	11851	11203	11283	9748	5312	19199
18	100000	7588	8218	8734	9156	8713	8060	9052	7803	4013	12815
18	1000000	6940	7235	8204	7490	7586	7556	9052	7803	4013	11056
18	10000000	6437	6361	7727	6970	6979	7556	9052	7803	4013	9848
19	100	35219	33937	30352	30752	32426	36743	34526	32193	33106	35005
19	1000	21038	19259	18859	19592	19569	17569	18522	15990	14005	26422
19	10000	13270	11100	11730	11994	11384	11030	9465	9348	5683	18614
19	100000	9154	8081	8582	8654	7726	8399	8296	7571	3432	14518
19	1000000	7689	7242	7733	7923	6883	7651	8296	7571	3432	11211
19	10000000	7429	6458	6951	6900	6442	7124	8296	7571	3432	9491
20	100	29733	31425	35240	32508	34382	32191	30455	30953	33035	38270
20	1000	19248	21092	17187	20698	17234	18516	17603	15798	10318	28536
20	10000	12559	10549	9178	11848	12640	11515	10035	9735	5236	18382
20	100000	8467	8421	8320	9024	8538	8320	9003	6469	3840	13714
20	1000000	7972	7428	7118	6687	7762	7127	9003	6469	3840	10993
20	10000000	7123	7088	6658	6687	7005	7127	9003	6469	3840	10476
21	100	36754	37137	31834	36643	32483	32916	33686	34911	31053	40578
21	1000	23567	20646	19560	22112	21046	21713	18400	17196	15207	31833
21	10000	13812	12739	11962	12692	11993	11989	11501	10115	5113	19303
21	100000	10277	8790	9546	9448	10379	8487	9787	7891	4057	16239
21	1000000	7734	8309	8468	7562	7326	7376	9787	7891	4057	13015
21	10000000	6464	6866	7012	7104	6302	7003	9787	7891	4057	11920
22	100	33954	31532	32181	35506	33843	37907	31909	33188	34646	39946
22	1000	20577	18239	17761	19883	20981	16576	16438	16503	12267	28772
22	10000	13806	11245	10084	11639	10755	10854	11030	10142	5231	20044
22	100000	8726	7755	9243	9196	8556	8557	8972	7790	4117	15213
22	1000000	7169	7429	7529	7498	8118	7102	8972	7627	4117	12269
22	10000000	6939	6878	7472	6864	6960	6172	8972	7627	4117	10822
23	100	36797	33509	33481	31093	37392	32991	35607	36685	33703	40950
23	1000	21458	19852	17137	21565	21246	18942	16208	14085	12400	27951
23	10000	11772	12608	9921	12434	10949	10915	9906	9239	5355	20977
23	100000	10100	8462	7660	8613	8601	8054	9283	7468	3950	15072
23	1000000	7082	7040	7025	7517	6558	6476	9283	7468	3950	13028
23	10000000	5939	7040	7006	6255	6058	6278	9283	7468	3950	10840
24	100	35911	37741	36733	36402	34672	32716	33195	35190	36512	37915
24	1000	22093	21396	20086	19078	20299	20289	18093	16027	15313	27813
24	10000	13788	11820	11944	12245	12278	11817	11644	9243	5261	18982
24	100000	8937	9497	8791	8215	8783	8999	9328	8378	4158	15390
24	1000000	8172	7496	8397	7770	7606	7740	9328	8378	4158	13641
24	10000000	7251	7441	7165	7613	6715	7531	9328	8378	4158	11686
25	100	33705	34334	30802	31858	33169	32232	33952	32679	31149	41725
25	1000	19135	20531	17180	22255	18041	18529	18440	16591	11484	26031
25	10000	13848	11652	11293	13102	10980	9579	10451	9439	4983	17503
25	100000	8778	9214	9117	7961	8007	7673	8297	7571	3450	13660
25	1000000	7938	7225	7055	7011	6990	6740	8297	7571	3450	12477
25	10000000	6106	6447	6521	5924	5737	5683	8297	7571	3450	11951
26	100	33986	34683	33851	32613	32095	32904	30224	33494	32104	38269
26	1000	21611	19402	17857	20941	18009	18626	17658	17167	12956	29483
26	10000	12250	10422	10731	12697	11915	11826	10353	9274	5315	18319
26	100000	8747	7978	7981	8460	8468	7274	8208	7933	4152	14173
26	1000000	7095	7353	7252	7012	6740	6042	8208	7933	4152	11568
26	10000000	6312	6343	6527	6292	6740	5645	8208	7933	4152	9721
27	100	33977	33888	33765	31138	31530	31375	30959	34929	31964	40393
27	1000	21089	20484	17061	19530	18037	19419	17500	18042	14326	28529
27	10000	12650	11666	11130	11660	11290	10796	10935	8726	5742	19058
27	100000	9779	7369	8955	8311	8932	8398	9791	6992	3524	15902
27	1000000	7644	7265	7272	6824	7573	6502	9791	6992	3524	12942
27	10000000	6903	7265	6356	6241	6202	6239	9791	6992	3524	10884
28	100	34184	34273	36544	31891	36118	32298	34182	33333	32655	37588
28	1000	21351	20465	17871	22303	22662	19636	17820	17970	13594	27666
28	10000	13926	11848	10761	12414	11863	9695	9849	9410	5197	18423
28	100000	9424	9090	8884	9311	7889	7904	8880	7791	4230	14157
28	1000000	7842	7304	7297	7548	6887	7473	8880	7791	4230	12682
28	10000000	7573	6374	6630	7325	5952	6450	8880	7791	4230	10563
29	100	36729	34219	34666	34616	30741	34181	35374	34017	30734	39926
29	1000	21330	20908	17740	22039	21453	18261	16948	16933	13445	28408
29	10000	11589	13088	10778	13537	12646	11538	10587	10037	5265	21102
29	100000	8849	8776	9422	10012	8504	8411	9701	7959	4098	16034
29	1000000	7256	8323	8464	8441	7072	7297	9701	7959	4098	13960
29	10000000	6922	6825	7007	6682	5766	7114	9701	7959	4098	12753
30	100	34236	36225	35324	34355	33386	32895	34838	35986	34786	39725
30	1000	21720	20457	19360	19856	19008	19698	18031	17734	14889	30583
30	10000	13673	11975	12141	11852	12880	11053	9765	10088	5478	21863
30	100000	8322	9671	9352	8747	8790	8834	9071	7794	3806	15629
30	1000000	7781	7669	8268	7077	6873	7119	9071	7794	3806	12338
30	10000000	7521	7561	6569	6160	6686	7119	9071	7794	3806	10837
31	100	34925	34709	34506	33455	36435	33376	31699	31987	35090	39446
31	1000	23630	20069	19577	21402	19955	18577	17344	18270	13306	29537
31	10000	14538	11354	10700	13904	11915	13552	11616	10762	4875	18801
31	100000	9321	8791	9444	8060	8074	9720	9849	6620	4288	15343
31	1000000	7628	7911	7741	7159	6438	7303	9849	6620	4288	12896
31	10000000	7103	7022	6653	6492	6287	7062	9849	6620	4288	12402
32	100	31523	37894	34245	31476	32594	32628	36633	37539	33782	36489
32	1000	20658	18952	19462	20677	20143	18089	18358	17503	14049	27770
32	10000	12806	11868	11145	13046	11838	12108	9997	9593	5802	18890
32	100000	10143	8228	8106	8872	8062	7470	9441	7643	3935	14168
32	1000000	8517	8228	7380	7885	7087	6990	9441	7643	3935	12445
32	10000000	6738	7530	6915	6628	6510	6990	9441	7643	3935	10020
33	100	35902	32707	34007	37444	33709	30013	33169	34129	33705	37065
33	1000	22018	16842	17365	20563	20313	19499	17611	15324	14831	28185
33	10000	12197	10888	11098	13731	12769	9277	9885	10598	4927	19398
33	100000	8317	9215	9274	9201	8814	8103	8398	8018	3486	14742
33	1000000	7426	7877	7547	7694	7278	7296	8398	8018	3486	12958
33	10000000	6465	5801	6981	6932	6230	6710	8398	8018	3486	11434
34	100	34411	35742	35565	36686	33241	34699	32076	33931	36759	37435
34	1000	20142	18473	18549	19670	19055	18731	19013	18433	13189	27062
34	10000	12219	10848	10714	12715	12418	10998	9312	9496	5323	19395
34	100000	8284	8670	10445	8380	8237	8795	9174	8176	3939	15438
34	1000000	7841	7672	7764	7803	7232	7139	9174	8176	3939	12617
34	10000000	6568	6768	7203	6270	6679	6867	9174	8176	3939	10239
35	100	34913	33221	34100	33593	31576	34239	31742	34783	32935	36812
35	1000	22389	19027	17725	21263	19815	18528	18544	17019	13729	28140
35	10000	13231	10999	12092	13642	11950	12713	10992	11251	5179	19155
35	100000	9125	9951	9533	9904	10144	8845	8706	9245	4409	16655
35	1000000	7497	7836	8368	8387	8992	8215	8706	9190	4409	13193
35	10000000	6335	7436	7203	7737	6851	7365	8706	9190	4409	10825
36	100	32148	31505	35733	33978	31303	36499	30425	30808	33757	38794
36	1000	21370	19706	20321	18640	18730	18780	17485	17966	12457	27890
36	10000	12147	11999	11116	11974	11901	10953	9257	9628	5469	17406
36	100000	8202	7761	8145	8529	8753	7898	8637	7679	3760	14065
36	1000000	7750	7334	7678	7906	6980	7242	8637	7679	3760	10804
36	10000000	6631	6160	6607	6779	5905	6673	8637	7679	3760	9572
37	100	33143	32091	35123	34111	31028	32144	29696	36454	32090	36859
37	1000	22054	19103	18368	21105	18332	18155	16330	17935	11728	26404
37	10000	13382	11528	9866	12262	10138	10570	10359	9165	5263	20091
37	100000	8936	8407	8933	8073	7574	8706	8476	6734	3832	14394
37	1000000	7932	7404	8059	6804	6873	6927	8476	6734	3832	12467
37	10000000	6661	5977	6368	6279	6527	6677	8476	6734	3832	10728
38	100	32024	35039	34117	34196	33688	34160	34351	32191	34496	37992
38	1000	19311	19772	17799	19928	20066	18972	17638	17583	12248	27693
38	10000	13730	11660	11276	13394	10807	10899	10366	8087	4912	18278
38	100000	8852	10144	7931	8772	7209	7319	9286	7368	3343	14591
38	1000000	7694	8304	7807	7928	6817	6043	9286	7368	3343	11036
38	10000000	6132	5870	6110	7001	6544	5889	9286	7368	3343	10883
39	100	30328	34280	32244	32817	33699	32546	32064	33238	35412	38814
39	1000	20765	19710	17056	22014	20589	18723	18508	15969	12664	27899
39	10000	13369	12384	11407	13959	10941	12550	10453	9161	5746	20759
39	100000	9555	8454	8634	9621	8935	8635	9825	8740	3792	15831
39	1000000	8600	6812	7779	8916	7339	7754	9825	8740	3792	13374
39	10000000	7898	6812	6424	6796	6994	7722	9825	8740	3792	11542
40	100	29443	33691	32098	31261	34348	34641	34121	33340	34398	37604
40	1000	21122	20624	19223	21690	20835	19277	17069	17203	12749	29097
40	10000	12682	10918	10708	12672	12946	11491	9637	9605	5403	19801
40	100000	9350	8947	8754	8775	8173	8059	9474	6742	3946	16578
40	1000000	8038	7096	8327	7631	6779	6732	9474	6742	3946	12653
40	10000000	5871	7096	7919	6575	6600	6508	9474	6742	3946	11297
41	100	31420	37711	35666	34157	36499	34041	36077	36000	31942	35345
41	1000	20317	18553	18938	20526	19048	21488	18401	18428	13749	25506
41	10000	13895	12055	11158	12579	10861	10062	10470	9561	5400	17040
41	100000	8942	8367	9217	8519	9000	8203	8757	8327	4161	12178
41	1000000	6528	6994	7457	5898	8212	6715	8757	8327	4161	9796
41	10000000	6065	6368	6381	5898	5455	6441	8757	8327	4161	8907
42	100	34855	31091	34790	31191	31707	31262	31960	33495	34062	39357
42	1000	20705	19241	18814	22172	18537	17460	16581	15745	13152	27492
42	10000	12714	10781	11860	12364	10869	11377	11731	9560	5357	20520
42	100000	7919	8863	8011	8358	8752	8759	8797	7773	3970	16448
42	1000000	7186	7523	6991	6393	6935	6950	8797	7773	3970	13632
42	10000000	6110	6622	5914	6030	5895	6950	8797	7773	3970	11725
43	100	35861	31894	34272	32552	35893	32991	33040	33914	33848	36140
43	1000	22393	20964	18778	21003	19581	19951	18201	17139	12735	29812
43	10000	12850	10850	10521	13246	10843	10129	11161	9945	5237	20082
43	100000	9142	8703	8728	8444	7161	8505	9431	7149	3945	15056
43	1000000	7487	7543	7601	7585	6711	6467	9431	7149	3945	12460
43	10000000	6878	6843	6891	6373	6197	6102	9431	7149	3945	11818
44	100	30101	31597	31709	35633	34127	33515	31004	34478	31181	39268
44	1000	21032	18002	19416	17833	18709	19620	16771	16671	12140	28081
44	10000	12270	9903	10171	12599	11487	10836	11246	9746	5324	20360
44	100000	7961	8545	8250	8805	8219	8093	9560	8110	3629	14205
44	1000000	6882	6790	6464	7195	7203	7502	9560	8110	3629	11784
44	10000000	6439	6069	6076	6065	6590	6764	9560	8110	3629	9189
45	100	36759	33917	30954	34169	33343	35031	34408	31376	34486	40422
45	1000	22591	18988	19781	20996	19671	19681	18237	17589	13404	31415
45	10000	15198	11665	10888	12702	11645	11494	11370	9321	4997	17686
45	100000	10593	9289	9167	9918	9216	8709	10233	7979	4265	14108
45	1000000	8610	7496	7169	7354	7706	7469	10233	7979	4265	11272
45	10000000	7908	5987	6206	6317	6769	7322	10233	7979	4265	10328
46	100	36237	33834	32069	35285	31504	31594	32547	33070	34627	35753
46	1000	22600	18318	16320	18149	20234	18768	17389	17380	12858	30284
46	10000	12757	11515	10608	11196	11666	11241	9422	10339	5850	21687
46	100000	8519	9675	8453	7173	8805	7982	8427	7975	3933	16750
46	1000000	7020	8486	7032	6913	6323	6966	8427	7975	3933	13674
46	10000000	6297	6667	6466	6906	5774	6542	8427	7975	3933	12271
47	100	32437	31716	31206	34489	32546	32445	33556	31527	37226	39900
47	1000	20688	20543	19849	20376	19110	18754	16047	16700	13378	31648
47	10000	12614	12112	11795	11842	13025	11970	10742	10417	5189	22097
47	100000	8512	8100	8478	9373	9470	8612	9022	9489	3510	17046
47	1000000	7039	7079	7556	7075	6711	7328	9022	9489	3510	15502
47	10000000	6621	6158	6639	6353	6596	6686	9022	9489	3510	13735
48	100	33984	32231	32141	32126	33498	35091	33025	33803	35341	39629
48	1000	22391	18110	17133	20667	20174	17857	18093	16116	12981	29897
48	10000	13212	11653	11369	12338	11018	10595	10289	9682	5483	19009
48	100000	9505	7861	8369	8322	7587	8710	8850	7977	3479	14099
48	1000000	7685	6477	7696	7391	7328	6645	8850	7977	3479	12360
48	10000000	5973	5733	6917	6461	5922	6446	8850	7977	3479	9233
49	100	32952	35764	33093	36823	28947	33712	33867	34325	35199	40919
49	1000	22609	19325	17572	21791	20359	20348	16995	15355	14685	26491
49	10000	13094	10971	10723	12643	12583	12084	10295	9266	5157	18684
49	100000	8467	8673	9212	9417	9237	7837	9147	7288	3689	14733
49	1000000	7343	7687	7911	7633	7592	7187	9147	7288	3689	12507
49	10000000	5738	6439	6657	6798	6651	7120	9147	7288	3689	9780
50	100	32646	32026	32140	30116	32907	34253	34967	31702	34642	39827
50	1000	21489	17424	18121	18177	19176	17673	17159	15341	11775	29780
50	10000	14629	11162	11214	11698	11701	10115	10150	7565	4824	18187
50	100000	8953	8489	7808	9724	8431	6942	8284	6543	3704	14519
50	1000000	7945	7449	6406	6858	7344	6573	8284	6543	3704	11656
50	10000000	6198	6767	5918	6797	5939	5683	8284	6543	3704	9475
