Instance	Generations	Cycle(10)	Cycle(9)	Cycle(8)	Cycle(7)	Cycle(6)	Cycle(5)	Cycle(4)	Cycle(3)	Swap	Insertion	Reversal	Scramble
1000	1	1175	1183	1186	1175	1189	1193	1184	1182	1180	1181	1188	1180
1000	10	1124	1123	1105	1118	1128	1129	1117	1126	1127	1135	1146	1137
1000	100	1033	1028	1006	1015	1011	1009	1007	981	979	1076	1085	1099
1000	1000	946	969	967	948	940	943	937	924	927	1051	1050	1041
1001	1	1186	1184	1185	1189	1189	1185	1194	1176	1193	1172	1174	1183
1001	10	1128	1110	1112	1112	1120	1121	1128	1111	1122	1136	1138	1142
1001	100	1025	1010	1007	1031	1004	1003	986	976	976	1097	1083	1086
1001	1000	958	953	951	946	957	942	926	920	913	1056	1036	1045
1002	1	1176	1194	1166	1185	1190	1181	1196	1175	1189	1177	1193	1182
1002	10	1122	1117	1107	1117	1124	1119	1112	1109	1132	1150	1155	1133
1002	100	1012	1014	1014	999	999	1004	992	986	977	1120	1100	1074
1002	1000	949	960	951	925	939	940	916	931	912	1054	1035	1027
1003	1	1167	1180	1177	1184	1184	1194	1172	1190	1188	1193	1189	1176
1003	10	1111	1110	1103	1114	1124	1120	1108	1115	1128	1150	1143	1140
1003	100	1043	1030	1031	1031	999	1014	1008	981	968	1099	1090	1090
1003	1000	962	964	957	946	930	962	945	923	910	1053	1041	1057
1004	1	1191	1187	1186	1184	1188	1187	1188	1187	1185	1168	1160	1182
1004	10	1123	1120	1125	1112	1120	1122	1124	1129	1121	1149	1139	1144
1004	100	1030	1027	1026	1013	1008	1012	1000	976	984	1095	1087	1093
1004	1000	960	955	961	948	937	947	926	914	914	1039	1039	1035
1005	1	1179	1190	1162	1185	1182	1185	1162	1179	1198	1185	1182	1185
1005	10	1128	1114	1115	1102	1119	1118	1102	1118	1129	1146	1152	1152
1005	100	1034	1018	1009	1011	1012	987	995	991	975	1085	1087	1077
1005	1000	973	962	943	951	957	946	928	928	911	1053	1059	1031
1006	1	1179	1180	1179	1182	1185	1180	1179	1194	1178	1187	1186	1180
1006	10	1106	1124	1113	1123	1119	1099	1108	1124	1126	1156	1147	1150
1006	100	1026	1022	1029	1027	1012	993	976	993	975	1101	1095	1079
1006	1000	965	965	951	968	948	941	926	919	910	1034	1054	1039
1007	1	1190	1184	1183	1182	1184	1187	1183	1184	1176	1190	1190	1183
1007	10	1124	1114	1118	1119	1113	1123	1121	1120	1118	1141	1147	1149
1007	100	1015	1029	1024	1016	1000	1007	980	978	958	1094	1101	1088
1007	1000	957	962	952	957	930	930	912	925	910	1056	1032	1028
1008	1	1185	1176	1179	1178	1190	1173	1182	1172	1176	1191	1181	1180
1008	10	1124	1114	1125	1112	1117	1115	1113	1101	1122	1122	1139	1144
1008	100	1030	1019	1025	1013	1009	1011	995	986	972	1076	1090	1091
1008	1000	956	946	959	956	932	949	932	917	915	1054	1050	1040
1009	1	1174	1184	1176	1170	1182	1168	1185	1188	1195	1186	1176	1184
1009	10	1119	1117	1120	1126	1113	1115	1127	1122	1135	1153	1131	1144
1009	100	1034	1023	1012	1014	991	991	992	995	982	1092	1075	1086
1009	1000	962	965	954	949	950	926	929	928	908	1044	1032	1057
