Instance	Generations	Cycle(10)	Cycle(9)	Cycle(8)	Cycle(7)	Cycle(6)	Cycle(5)	Cycle(4)	Cycle(3)	Swap	Insertion	Reversal	Scramble
1000	1	1184	1178	1171	1168	1185	1187	1186	1189	1196	1184	1195	1190
1000	10	1133	1143	1140	1134	1134	1131	1135	1143	1145	1159	1159	1163
1000	100	1070	1051	1058	1054	1049	1046	1023	1028	1004	1116	1111	1103
1000	1000	1011	997	984	1002	983	979	953	956	937	1063	1071	1066
1001	1	1197	1192	1196	1189	1186	1197	1200	1184	1182	1186	1184	1193
1001	10	1144	1146	1151	1134	1137	1138	1149	1137	1141	1158	1166	1149
1001	100	1064	1061	1046	1045	1037	1026	1041	1024	1023	1123	1138	1111
1001	1000	980	1008	987	993	990	975	988	960	949	1093	1068	1067
1002	1	1192	1167	1194	1171	1190	1177	1196	1195	1190	1195	1180	1195
1002	10	1141	1127	1135	1128	1140	1134	1144	1144	1139	1170	1156	1162
1002	100	1079	1072	1060	1057	1054	1039	1035	1029	1013	1112	1123	1139
1002	1000	999	1012	980	986	977	967	962	955	953	1074	1089	1077
1003	1	1187	1197	1201	1198	1196	1194	1182	1180	1197	1194	1181	1174
1003	10	1148	1138	1149	1132	1145	1142	1136	1139	1146	1157	1154	1157
1003	100	1073	1050	1055	1050	1060	1039	1035	1024	1015	1110	1123	1117
1003	1000	998	1001	1000	1002	986	979	981	957	935	1076	1081	1048
1004	1	1186	1189	1186	1182	1177	1199	1197	1190	1188	1187	1191	1183
1004	10	1138	1137	1130	1136	1136	1141	1150	1140	1148	1156	1141	1155
1004	100	1069	1060	1058	1062	1051	1045	1022	1027	1020	1103	1125	1125
1004	1000	996	1016	990	1002	979	976	973	961	937	1074	1073	1079
1005	1	1182	1194	1197	1195	1181	1191	1178	1195	1187	1187	1194	1185
1005	10	1131	1143	1139	1142	1145	1141	1134	1145	1151	1148	1146	1158
1005	100	1047	1068	1056	1066	1049	1040	1021	1033	1028	1112	1113	1117
1005	1000	987	999	996	986	993	969	972	944	941	1064	1063	1074
1006	1	1191	1180	1177	1193	1188	1168	1186	1195	1182	1176	1199	1191
1006	10	1132	1128	1133	1138	1136	1129	1131	1146	1137	1153	1159	1157
1006	100	1076	1066	1056	1053	1057	1039	1036	1036	1016	1112	1131	1118
1006	1000	1002	998	995	985	974	967	974	954	953	1063	1084	1068
1007	1	1183	1184	1180	1180	1162	1186	1193	1173	1165	1191	1178	1189
1007	10	1141	1134	1131	1136	1120	1141	1135	1125	1123	1137	1157	1164
1007	100	1065	1060	1059	1065	1052	1036	1030	1012	1021	1120	1108	1123
1007	1000	995	989	993	992	987	975	967	944	955	1058	1064	1063
1008	1	1184	1177	1166	1195	1179	1185	1188	1188	1190	1180	1191	1170
1008	10	1139	1137	1127	1138	1133	1143	1140	1146	1148	1152	1161	1151
1008	100	1062	1063	1058	1058	1054	1037	1035	1030	1024	1114	1117	1112
1008	1000	982	991	1001	979	980	963	953	970	947	1050	1059	1058
1009	1	1194	1173	1187	1186	1190	1167	1195	1187	1187	1176	1189	1188
1009	10	1144	1134	1138	1139	1147	1126	1143	1140	1125	1162	1154	1160
1009	100	1074	1060	1069	1048	1044	1044	1033	1028	1010	1121	1131	1124
1009	1000	1000	998	986	983	986	968	969	965	951	1089	1064	1060
