Instance	Generations	Cycle(0.5)	Cycle(0.4)	Cycle(0.3)	Cycle(0.2)	Cycle(0.1)
1000	1	1190	1190	1176	1197	1196
1000	10	1148	1149	1130	1140	1143
1000	100	1029	1032	1030	1018	1008
1000	1000	966	962	945	935	954
1001	1	1182	1187	1193	1174	1193
1001	10	1142	1137	1153	1130	1145
1001	100	1031	998	1023	1007	1013
1001	1000	957	950	949	942	937
1002	1	1196	1185	1186	1193	1196
1002	10	1146	1139	1137	1139	1147
1002	100	1035	1025	1024	1023	1021
1002	1000	969	939	957	933	950
1003	1	1183	1196	1191	1175	1203
1003	10	1130	1141	1145	1130	1149
1003	100	1038	1021	1015	1020	1009
1003	1000	948	956	965	947	942
1004	1	1185	1188	1183	1186	1189
1004	10	1134	1138	1138	1140	1139
1004	100	1025	1031	1028	1018	1022
1004	1000	965	971	954	946	951
1005	1	1196	1194	1184	1174	1196
1005	10	1154	1138	1141	1132	1149
1005	100	1048	1039	1017	1013	994
1005	1000	960	966	956	943	947
1006	1	1178	1192	1190	1203	1196
1006	10	1136	1128	1143	1148	1154
1006	100	1028	1021	1031	1011	1020
1006	1000	970	942	940	950	945
1007	1	1185	1184	1193	1204	1179
1007	10	1133	1141	1137	1147	1141
1007	100	1028	1015	1033	1015	1011
1007	1000	965	966	957	948	941
1008	1	1179	1191	1182	1182	1191
1008	10	1128	1144	1139	1135	1151
1008	100	1019	1017	1023	1015	1020
1008	1000	959	958	953	949	949
1009	1	1195	1171	1189	1184	1193
1009	10	1150	1135	1136	1139	1143
1009	100	1037	1027	1008	1021	1022
1009	1000	957	938	950	953	923
