Instance	Generations	Cycle(10)	Cycle(9)	Cycle(8)	Cycle(7)	Cycle(6)	Cycle(5)	Cycle(4)	Cycle(3)	Swap	Insertion	Reversal	Scramble
1000	1	1173	1194	1179	1182	1174	1194	1189	1195	1172	1187	1169	1187
1000	10	1106	1116	1117	1118	1110	1120	1126	1131	1115	1152	1143	1152
1000	100	1023	1013	1008	1007	982	996	995	993	959	1106	1075	1063
1000	1000	946	952	950	940	935	929	929	910	911	1048	1040	1033
1001	1	1186	1190	1193	1185	1175	1191	1183	1186	1183	1182	1180	1186
1001	10	1124	1126	1121	1109	1119	1122	1113	1127	1130	1154	1133	1138
1001	100	1014	1011	1017	1011	989	1002	979	990	967	1096	1089	1079
1001	1000	962	935	962	955	946	922	921	919	899	1056	1042	1027
1002	1	1173	1185	1196	1193	1187	1184	1190	1198	1180	1187	1186	1191
1002	10	1111	1114	1108	1115	1113	1124	1115	1120	1111	1149	1139	1130
1002	100	1014	1030	1024	994	1015	1009	984	982	965	1090	1068	1060
1002	1000	947	957	931	952	938	937	930	895	907	1058	1032	1026
1003	1	1183	1187	1192	1191	1180	1189	1179	1174	1187	1170	1189	1181
1003	10	1118	1123	1129	1120	1110	1117	1116	1106	1121	1140	1130	1136
1003	100	1016	1010	1010	1011	1004	984	997	1005	973	1100	1074	1072
1003	1000	969	956	941	934	944	943	930	921	901	1056	1045	1025
1004	1	1175	1177	1187	1184	1186	1178	1183	1187	1187	1184	1175	1173
1004	10	1125	1109	1120	1113	1109	1104	1116	1117	1125	1153	1151	1131
1004	100	1022	1020	991	1014	1007	1003	985	975	960	1100	1089	1081
1004	1000	952	963	949	943	962	951	926	931	898	1070	1028	1025
1005	1	1186	1183	1190	1191	1186	1164	1190	1169	1185	1185	1190	1179
1005	10	1125	1123	1125	1121	1118	1104	1124	1117	1129	1147	1131	1137
1005	100	1033	1021	1001	1012	1006	1002	982	976	963	1075	1064	1079
1005	1000	951	959	942	943	942	944	934	924	904	1044	1021	1026
1006	1	1176	1167	1181	1183	1194	1181	1180	1177	1173	1187	1179	1180
1006	10	1099	1108	1103	1103	1120	1125	1109	1119	1126	1152	1132	1144
1006	100	1021	1020	1003	1017	1002	1007	1000	971	963	1098	1082	1084
1006	1000	947	953	951	942	945	935	931	920	908	1059	1043	1043
1007	1	1172	1180	1197	1175	1175	1173	1186	1175	1180	1169	1176	1187
1007	10	1117	1121	1127	1103	1096	1115	1120	1108	1112	1150	1149	1142
1007	100	1026	1018	1015	1019	996	997	976	991	972	1096	1085	1084
1007	1000	956	964	946	950	939	944	943	924	896	1055	1051	1035
1008	1	1180	1176	1184	1184	1174	1173	1176	1185	1193	1179	1187	1192
1008	10	1109	1110	1111	1109	1120	1114	1107	1113	1130	1145	1147	1148
1008	100	1004	1015	1006	1005	1013	991	989	970	982	1084	1085	1084
1008	1000	948	948	957	940	941	937	939	923	905	1043	1044	1035
1009	1	1183	1173	1183	1177	1178	1169	1189	1178	1187	1194	1188	1192
1009	10	1107	1118	1114	1105	1105	1108	1113	1118	1123	1145	1140	1131
1009	100	1023	1017	1006	1019	1003	1009	984	973	963	1093	1079	1061
1009	1000	954	959	952	961	935	934	921	902	908	1047	1035	1023
